task:			pos
epochs:			5
embed_dim:		64
repr_dim:		64
lstm_dim1:		32
lstm_dim2:		32
representor:		b

learning_rate:		0.0005
Training...
This may take a while

+---+------------+------------+-----------+--------+
| i |  dev_loss  |  dev_accu  | sentences |  time  |
+---+------------+------------+-----------+--------+
| 1 |  60.213006  |   29.97139 |     500   |  12.53 |
+---+------------+------------+-----------+--------+
| 1 |  53.128277  |   37.75606 |    1000   |  11.97 |
+---+------------+------------+-----------+--------+
| 1 |  46.867665  |   42.60269 |    1500   |  11.81 |
+---+------------+------------+-----------+--------+
| 1 |  41.936712  |   45.79131 |    2000   |  11.44 |
+---+------------+------------+-----------+--------+
| 1 |  37.735125  |   52.72192 |    2500   |  11.62 |
+---+------------+------------+-----------+--------+
| 1 |  34.003034  |   58.55624 |    3000   |  11.47 |
+---+------------+------------+-----------+--------+
| 1 |  29.962357  |   66.23024 |    3500   |  11.70 |
+---+------------+------------+-----------+--------+
| 1 |  25.948710  |   71.86201 |    4000   |  11.89 |
+---+------------+------------+-----------+--------+
| 1 |  22.754593  |   74.32813 |    4500   |  11.71 |
+---+------------+------------+-----------+--------+
| 1 |  20.672831  |   76.44344 |    5000   |  11.41 |
+---+------------+------------+-----------+--------+
| 1 |  18.916971  |   77.85086 |    5500   |  11.80 |
+---+------------+------------+-----------+--------+
| 1 |  17.527708  |   79.66756 |    6000   |  11.79 |
+---+------------+------------+-----------+--------+
| 1 |  16.489395  |   80.74714 |    6500   |  11.83 |
+---+------------+------------+-----------+--------+
| 1 |  15.919279  |   81.14807 |    7000   |  11.71 |
+---+------------+------------+-----------+--------+
| 1 |  14.812776  |   82.20677 |    7500   |  11.57 |
+---+------------+------------+-----------+--------+
| 1 |  14.136356  |   82.96895 |    8000   |  11.54 |
+---+------------+------------+-----------+--------+
| 1 |  14.007392  |   82.92301 |    8500   |  11.53 |
+---+------------+------------+-----------+--------+
| 1 |  12.979573  |   84.12579 |    9000   |  11.50 |
+---+------------+------------+-----------+--------+
| 1 |  12.529985  |   84.94644 |    9500   |  11.50 |
+---+------------+------------+-----------+--------+
| 1 |  11.964025  |   85.31604 |   10000   |  11.55 |
+---+------------+------------+-----------+--------+
| 1 |  11.614117  |   85.61883 |   10500   |  11.80 |
+---+------------+------------+-----------+--------+
| 1 |  11.148009  |   86.33924 |   11000   |  11.67 |
+---+------------+------------+-----------+--------+
| 1 |  10.724838  |   86.60026 |   11500   |  11.75 |
+---+------------+------------+-----------+--------+
| 1 |  10.446716  |   87.03460 |   12000   |  11.71 |
+---+------------+------------+-----------+--------+
| 1 |  10.198783  |   87.17451 |   12500   |  11.84 |
+---+------------+------------+-----------+--------+
| 1 |  9.888667  |   87.61720 |   13000   |  12.13 |
+---+------------+------------+-----------+--------+
| 1 |  9.775962  |   87.65061 |   13500   |  12.14 |
+---+------------+------------+-----------+--------+
| 1 |  9.410345  |   88.02439 |   14000   |  11.96 |
+---+------------+------------+-----------+--------+
| 1 |  9.337341  |   88.40026 |   14500   |  11.71 |
+---+------------+------------+-----------+--------+
| 1 |  8.881655  |   88.83668 |   15000   |  11.76 |
+---+------------+------------+-----------+--------+
| 1 |  8.835518  |   88.97033 |   15500   |  11.59 |
+---+------------+------------+-----------+--------+
| 1 |  8.535160  |   89.27102 |   16000   |  11.81 |
+---+------------+------------+-----------+--------+
| 1 |  8.309820  |   89.65942 |   16500   |  11.85 |
+---+------------+------------+-----------+--------+
| 1 |  8.408748  |   89.20420 |   17000   |  12.17 |
+---+------------+------------+-----------+--------+
| 1 |  8.222008  |   89.61557 |   17500   |  11.99 |
+---+------------+------------+-----------+--------+
| 1 |  7.977046  |   89.92253 |   18000   |  11.62 |
+---+------------+------------+-----------+--------+
| 1 |  7.857487  |   89.93297 |   18500   |  11.46 |
+---+------------+------------+-----------+--------+
| 1 |  7.802848  |   90.07705 |   19000   |  11.79 |
+---+------------+------------+-----------+--------+
| 1 |  7.770452  |   90.13135 |   19500   |  12.06 |
+---+------------+------------+-----------+--------+
| 1 |  7.695073  |   90.12090 |   20000   |  11.71 |
+---+------------+------------+-----------+--------+
| 1 |  7.668401  |   90.03738 |   20500   |  11.72 |
+---+------------+------------+-----------+--------+
| 1 |  7.656994  |   90.21696 |   21000   |  11.68 |
+---+------------+------------+-----------+--------+
| 1 |  7.309036  |   90.66591 |   21500   |  11.69 |
+---+------------+------------+-----------+--------+
| 1 |  7.400258  |   90.46545 |   22000   |  11.53 |
+---+------------+------------+-----------+--------+
| 1 |  7.222478  |   90.75988 |   22500   |  11.80 |
+---+------------+------------+-----------+--------+
| 1 |  6.951182  |   91.13993 |   23000   |  11.73 |
+---+------------+------------+-----------+--------+
| 1 |  7.080307  |   90.90397 |   23500   |  11.78 |
+---+------------+------------+-----------+--------+
| 1 |  7.579521  |   90.12299 |   24000   |  11.78 |
+---+------------+------------+-----------+--------+
| 1 |  6.787438  |   91.17125 |   24500   |  12.01 |
+---+------------+------------+-----------+--------+
| 1 |  6.707190  |   91.46777 |   25000   |  12.15 |
+---+------------+------------+-----------+--------+
| 1 |  6.587072  |   91.53041 |   25500   |  12.73 |
+---+------------+------------+-----------+--------+
| 1 |  6.667148  |   91.41348 |   26000   |  11.70 |
+---+------------+------------+-----------+--------+
| 1 |  6.556464  |   91.66197 |   26500   |  11.83 |
+---+------------+------------+-----------+--------+
| 1 |  6.724628  |   91.49909 |   27000   |  11.79 |
+---+------------+------------+-----------+--------+
| 1 |  6.485207  |   91.76846 |   27500   |  11.57 |
+---+------------+------------+-----------+--------+
| 1 |  6.180884  |   92.12972 |   28000   |  12.07 |
+---+------------+------------+-----------+--------+
| 1 |  6.241697  |   91.97102 |   28500   |  11.96 |
+---+------------+------------+-----------+--------+
| 1 |  6.453713  |   91.81023 |   29000   |  11.76 |
+---+------------+------------+-----------+--------+
| 1 |  6.219364  |   92.01487 |   29500   |  11.96 |
+---+------------+------------+-----------+--------+
| 1 |  6.061056  |   92.14851 |   30000   |  11.87 |
+---+------------+------------+-----------+--------+
| 1 |  6.111569  |   91.99607 |   30500   |  11.74 |
+---+------------+------------+-----------+--------+
| 1 |  5.931806  |   92.47218 |   31000   |  11.83 |
+---+------------+------------+-----------+--------+
| 1 |  6.053667  |   92.24874 |   31500   |  11.43 |
+---+------------+------------+-----------+--------+
| 1 |  6.499202  |   91.58679 |   32000   |  11.61 |
+---+------------+------------+-----------+--------+
| 1 |  5.952362  |   92.40327 |   32500   |  11.76 |
+---+------------+------------+-----------+--------+
| 1 |  5.782502  |   92.66429 |   33000   |  12.00 |
+---+------------+------------+-----------+--------+
| 1 |  5.874754  |   92.52856 |   33500   |  11.96 |
+---+------------+------------+-----------+--------+
| 1 |  5.657550  |   92.68099 |   34000   |  11.94 |
+---+------------+------------+-----------+--------+
| 1 |  5.784977  |   92.55988 |   34500   |  12.03 |
+---+------------+------------+-----------+--------+
| 1 |  5.834472  |   92.50767 |   35000   |  11.92 |
+---+------------+------------+-----------+--------+
| 1 |  5.541697  |   92.85640 |   35500   |  11.84 |
+---+------------+------------+-----------+--------+
| 1 |  5.771626  |   92.73320 |   36000   |  11.95 |
+---+------------+------------+-----------+--------+
| 1 |  5.766101  |   92.55988 |   36500   |  11.75 |
+---+------------+------------+-----------+--------+
| 1 |  5.489614  |   93.04224 |   37000   |  11.90 |
+---+------------+------------+-----------+--------+
| 1 |  5.557603  |   92.87310 |   37500   |  11.80 |
+---+------------+------------+-----------+--------+
| 2 |  5.575159  |   92.93992 |   38000   |  11.84 |
+---+------------+------------+-----------+--------+
| 2 |  5.494419  |   92.95245 |   38500   |  11.96 |
+---+------------+------------+-----------+--------+
| 2 |  5.435848  |   93.14039 |   39000   |  11.72 |
+---+------------+------------+-----------+--------+
| 2 |  5.891763  |   92.54944 |   39500   |  11.53 |
+---+------------+------------+-----------+--------+
| 2 |  5.383634  |   93.07148 |   40000   |  11.44 |
+---+------------+------------+-----------+--------+
| 2 |  5.302562  |   93.16545 |   40500   |  11.88 |
+---+------------+------------+-----------+--------+
| 2 |  5.349039  |   93.18633 |   41000   |  11.67 |
+---+------------+------------+-----------+--------+
| 2 |  5.181103  |   93.52252 |   41500   |  11.75 |
+---+------------+------------+-----------+--------+
| 2 |  5.281211  |   93.21765 |   42000   |  11.59 |
+---+------------+------------+-----------+--------+
| 2 |  5.184981  |   93.38888 |   42500   |  11.83 |
+---+------------+------------+-----------+--------+
| 2 |  5.168436  |   93.26985 |   43000   |  11.51 |
+---+------------+------------+-----------+--------+
| 2 |  5.103452  |   93.57472 |   43500   |  11.57 |
+---+------------+------------+-----------+--------+
| 2 |  5.055466  |   93.49537 |   44000   |  11.64 |
+---+------------+------------+-----------+--------+
| 2 |  5.086721  |   93.49329 |   44500   |  11.46 |
+---+------------+------------+-----------+--------+
| 2 |  5.108494  |   93.67496 |   45000   |  11.71 |
+---+------------+------------+-----------+--------+
| 2 |  5.046763  |   93.77310 |   45500   |  11.57 |
+---+------------+------------+-----------+--------+
| 2 |  5.145157  |   93.54131 |   46000   |  11.72 |
+---+------------+------------+-----------+--------+
| 2 |  5.024854  |   93.56637 |   46500   |  11.78 |
+---+------------+------------+-----------+--------+
| 2 |  5.221676  |   93.62275 |   47000   |  11.79 |
+---+------------+------------+-----------+--------+
| 2 |  5.109933  |   93.68540 |   47500   |  11.76 |
+---+------------+------------+-----------+--------+
| 2 |  5.133620  |   93.41394 |   48000   |  11.79 |
+---+------------+------------+-----------+--------+
| 2 |  4.930009  |   93.65199 |   48500   |  11.74 |
+---+------------+------------+-----------+--------+
| 2 |  5.019462  |   93.63528 |   49000   |  11.66 |
+---+------------+------------+-----------+--------+
| 2 |  4.824709  |   93.91927 |   49500   |  11.61 |
+---+------------+------------+-----------+--------+
| 2 |  5.150735  |   93.48911 |   50000   |  11.81 |
+---+------------+------------+-----------+--------+
| 2 |  4.786529  |   93.90257 |   50500   |  11.53 |
+---+------------+------------+-----------+--------+
| 2 |  4.782764  |   93.98609 |   51000   |  11.65 |
+---+------------+------------+-----------+--------+
| 2 |  4.866930  |   93.73969 |   51500   |  12.08 |
+---+------------+------------+-----------+--------+
| 2 |  4.857964  |   93.85245 |   52000   |  11.67 |
+---+------------+------------+-----------+--------+
| 2 |  4.909084  |   93.81069 |   52500   |  11.76 |
+---+------------+------------+-----------+--------+
| 2 |  4.857834  |   93.74387 |   53000   |  11.49 |
+---+------------+------------+-----------+--------+
| 2 |  4.903778  |   93.81904 |   53500   |  11.72 |
+---+------------+------------+-----------+--------+
| 2 |  4.766749  |   94.04665 |   54000   |  11.69 |
+---+------------+------------+-----------+--------+
| 2 |  4.680489  |   93.95895 |   54500   |  11.64 |
+---+------------+------------+-----------+--------+
| 2 |  4.707571  |   94.09050 |   55000   |  11.53 |
+---+------------+------------+-----------+--------+
| 2 |  4.700490  |   93.94433 |   55500   |  11.91 |
+---+------------+------------+-----------+--------+
| 2 |  4.790306  |   94.01324 |   56000   |  12.12 |
+---+------------+------------+-----------+--------+
| 2 |  4.802381  |   93.98192 |   56500   |  12.83 |
+---+------------+------------+-----------+--------+
| 2 |  4.758899  |   93.90883 |   57000   |  12.19 |
+---+------------+------------+-----------+--------+
| 2 |  4.830700  |   93.89421 |   57500   |  12.25 |
+---+------------+------------+-----------+--------+
| 2 |  4.894320  |   94.03412 |   58000   |  12.20 |
+---+------------+------------+-----------+--------+
| 2 |  4.733804  |   94.20117 |   58500   |  12.24 |
+---+------------+------------+-----------+--------+
| 2 |  4.582717  |   94.39537 |   59000   |  12.30 |
+---+------------+------------+-----------+--------+
| 2 |  4.622156  |   94.16150 |   59500   |  1543.58 |
+---+------------+------------+-----------+--------+
| 2 |  4.882982  |   93.92345 |   60000   |  10.20 |
+---+------------+------------+-----------+--------+
| 2 |  4.766589  |   93.97983 |   60500   |  10.69 |
+---+------------+------------+-----------+--------+
| 2 |  4.539193  |   94.19282 |   61000   |   9.84 |
+---+------------+------------+-----------+--------+
| 2 |  4.745244  |   94.08632 |   61500   |   9.92 |
+---+------------+------------+-----------+--------+
| 2 |  4.500242  |   94.25964 |   62000   |   9.95 |
+---+------------+------------+-----------+--------+
| 2 |  4.445994  |   94.37867 |   62500   |   9.89 |
+---+------------+------------+-----------+--------+
| 2 |  4.617940  |   94.15523 |   63000   |   9.90 |
+---+------------+------------+-----------+--------+
| 2 |  4.448903  |   94.37658 |   63500   |  10.03 |
+---+------------+------------+-----------+--------+
| 2 |  4.505787  |   94.28470 |   64000   |  10.12 |
+---+------------+------------+-----------+--------+
| 2 |  4.656150  |   94.08215 |   64500   |   9.87 |
+---+------------+------------+-----------+--------+
| 2 |  4.352572  |   94.52066 |   65000   |  10.04 |
+---+------------+------------+-----------+--------+
| 2 |  4.438508  |   94.40164 |   65500   |  10.56 |
+---+------------+------------+-----------+--------+
| 2 |  4.466465  |   94.35570 |   66000   |  12.39 |
+---+------------+------------+-----------+--------+
| 2 |  4.305925  |   94.59584 |   66500   |  12.42 |
+---+------------+------------+-----------+--------+
| 2 |  4.744971  |   94.00697 |   67000   |  10.28 |
+---+------------+------------+-----------+--------+
| 2 |  4.414102  |   94.46011 |   67500   |  11.37 |
+---+------------+------------+-----------+--------+
| 2 |  4.309227  |   94.42252 |   68000   |  11.76 |
+---+------------+------------+-----------+--------+
| 2 |  4.296511  |   94.62507 |   68500   |  11.65 |
+---+------------+------------+-----------+--------+
| 2 |  4.357395  |   94.50187 |   69000   |  12.12 |
+---+------------+------------+-----------+--------+
| 2 |  4.276482  |   94.53528 |   69500   |  12.02 |
+---+------------+------------+-----------+--------+
| 2 |  4.468021  |   94.38702 |   70000   |  10.21 |
+---+------------+------------+-----------+--------+
| 2 |  4.359155  |   94.44966 |   70500   |  10.97 |
+---+------------+------------+-----------+--------+
| 2 |  4.338242  |   94.59375 |   71000   |  10.33 |
+---+------------+------------+-----------+--------+
| 2 |  4.420734  |   94.54572 |   71500   |  10.44 |
+---+------------+------------+-----------+--------+
| 2 |  4.298199  |   94.57704 |   72000   |  11.31 |
+---+------------+------------+-----------+--------+
| 2 |  4.346118  |   94.46428 |   72500   |  11.21 |
+---+------------+------------+-----------+--------+
| 2 |  4.398443  |   94.42461 |   73000   |  11.05 |
+---+------------+------------+-----------+--------+
| 2 |  4.465595  |   94.34526 |   73500   |  10.88 |
+---+------------+------------+-----------+--------+
| 2 |  4.404413  |   94.47890 |   74000   |  10.95 |
+---+------------+------------+-----------+--------+
| 2 |  4.254471  |   94.57078 |   74500   |  10.71 |
+---+------------+------------+-----------+--------+
| 2 |  4.128201  |   94.80883 |   75000   |  11.05 |
+---+------------+------------+-----------+--------+
| 2 |  4.137406  |   94.83389 |   75500   |  10.97 |
+---+------------+------------+-----------+--------+
| 3 |  4.169424  |   94.82136 |   76000   |  11.23 |
+---+------------+------------+-----------+--------+
| 3 |  4.252278  |   94.81718 |   76500   |  10.66 |
+---+------------+------------+-----------+--------+
| 3 |  4.295263  |   94.69398 |   77000   |  10.43 |
+---+------------+------------+-----------+--------+
| 3 |  4.171811  |   94.81718 |   77500   |  10.85 |
+---+------------+------------+-----------+--------+
| 3 |  4.307134  |   94.74618 |   78000   |   9.93 |
+---+------------+------------+-----------+--------+
| 3 |  4.201947  |   94.79004 |   78500   |  10.13 |
+---+------------+------------+-----------+--------+
| 3 |  4.166489  |   94.71904 |   79000   |   9.99 |
+---+------------+------------+-----------+--------+
| 3 |  4.169342  |   94.86312 |   79500   |  10.37 |
+---+------------+------------+-----------+--------+
| 3 |  4.326343  |   94.56869 |   80000   |  10.16 |
+---+------------+------------+-----------+--------+
| 3 |  4.205607  |   94.77959 |   80500   |   9.96 |
+---+------------+------------+-----------+--------+
| 3 |  4.141291  |   94.78586 |   81000   |   9.85 |
+---+------------+------------+-----------+--------+
| 3 |  4.284027  |   94.66475 |   81500   |   9.91 |
+---+------------+------------+-----------+--------+
| 3 |  4.089756  |   95.00720 |   82000   |   9.87 |
+---+------------+------------+-----------+--------+
| 3 |  4.193048  |   94.69816 |   82500   |  10.12 |
+---+------------+------------+-----------+--------+
| 3 |  4.252163  |   94.81509 |   83000   |  10.39 |
+---+------------+------------+-----------+--------+
| 3 |  4.048129  |   95.00512 |   83500   |   9.90 |
+---+------------+------------+-----------+--------+
| 3 |  4.229497  |   94.69189 |   84000   |  10.48 |
+---+------------+------------+-----------+--------+
| 3 |  4.197492  |   94.63342 |   84500   |  11.41 |
+---+------------+------------+-----------+--------+
| 3 |  4.236646  |   94.73992 |   85000   |  11.15 |
+---+------------+------------+-----------+--------+
| 3 |  4.200983  |   94.84850 |   85500   |  11.36 |
+---+------------+------------+-----------+--------+
| 3 |  4.220013  |   94.83180 |   86000   |  10.90 |
+---+------------+------------+-----------+--------+
| 3 |  4.230482  |   94.72739 |   86500   |  12.02 |
+---+------------+------------+-----------+--------+
| 3 |  4.133337  |   94.86939 |   87000   |  12.88 |
+---+------------+------------+-----------+--------+
| 3 |  4.080156  |   94.99259 |   87500   |  10.95 |
+---+------------+------------+-----------+--------+
| 3 |  4.258335  |   94.72113 |   88000   |  10.48 |
+---+------------+------------+-----------+--------+
| 3 |  4.107176  |   94.79421 |   88500   |  10.79 |
+---+------------+------------+-----------+--------+
| 3 |  4.037160  |   94.90280 |   89000   |  12.47 |
+---+------------+------------+-----------+--------+
| 3 |  3.930999  |   95.12832 |   89500   |  12.62 |
+---+------------+------------+-----------+--------+
| 3 |  3.991607  |   94.96753 |   90000   |  12.61 |
+---+------------+------------+-----------+--------+
| 3 |  4.063678  |   94.92785 |   90500   |  12.61 |
+---+------------+------------+-----------+--------+
| 3 |  4.150814  |   95.02182 |   91000   |  11.69 |
+---+------------+------------+-----------+--------+
| 3 |  4.118918  |   94.81092 |   91500   |  12.08 |
+---+------------+------------+-----------+--------+
| 3 |  4.064624  |   94.98841 |   92000   |  15.22 |
+---+------------+------------+-----------+--------+
| 3 |  4.059880  |   94.94665 |   92500   |  14.18 |
+---+------------+------------+-----------+--------+
| 3 |  4.355743  |   94.57078 |   93000   |  13.24 |
+---+------------+------------+-----------+--------+
| 3 |  3.971737  |   95.03017 |   93500   |  13.05 |
+---+------------+------------+-----------+--------+
| 3 |  4.045848  |   95.04688 |   94000   |  12.69 |
+---+------------+------------+-----------+--------+
| 3 |  4.275368  |   94.82553 |   94500   |  12.16 |
+---+------------+------------+-----------+--------+
| 3 |  4.038040  |   94.95709 |   95000   |  12.91 |
+---+------------+------------+-----------+--------+
| 3 |  4.146297  |   95.06358 |   95500   |  12.32 |
+---+------------+------------+-----------+--------+
| 3 |  3.909759  |   95.25361 |   96000   |  11.34 |
+---+------------+------------+-----------+--------+
| 3 |  3.878950  |   95.18052 |   96500   |  11.56 |
+---+------------+------------+-----------+--------+
| 3 |  3.961274  |   95.08029 |   97000   |  11.79 |
+---+------------+------------+-----------+--------+
| 3 |  3.966139  |   95.11788 |   97500   |  11.97 |
+---+------------+------------+-----------+--------+
| 3 |  4.058940  |   94.94247 |   98000   |  10.71 |
+---+------------+------------+-----------+--------+
| 3 |  4.080911  |   94.95709 |   98500   |  10.26 |
+---+------------+------------+-----------+--------+
| 3 |  3.921342  |   95.11996 |   99000   |  11.03 |
+---+------------+------------+-----------+--------+
| 3 |  3.967490  |   95.09491 |   99500   |  10.54 |
+---+------------+------------+-----------+--------+
| 3 |  3.923863  |   95.22228 |   100000   |  11.61 |
+---+------------+------------+-----------+--------+
| 3 |  4.203047  |   94.89862 |   100500   |  10.53 |
+---+------------+------------+-----------+--------+
| 3 |  3.988452  |   95.11788 |   101000   |  10.63 |
+---+------------+------------+-----------+--------+
| 3 |  3.880356  |   95.11788 |   101500   |  10.52 |
+---+------------+------------+-----------+--------+
| 3 |  3.966587  |   95.09073 |   102000   |  10.21 |
+---+------------+------------+-----------+--------+
| 3 |  3.782182  |   95.27031 |   102500   |  10.77 |
+---+------------+------------+-----------+--------+
| 3 |  3.919802  |   95.09700 |   103000   |  11.14 |
+---+------------+------------+-----------+--------+
| 3 |  3.996012  |   94.95082 |   103500   |  11.56 |
+---+------------+------------+-----------+--------+
| 3 |  3.817614  |   95.28284 |   104000   |  10.27 |
+---+------------+------------+-----------+--------+
| 3 |  3.928732  |   95.22855 |   104500   |   9.97 |
+---+------------+------------+-----------+--------+
| 3 |  3.935503  |   94.99468 |   105000   |  10.08 |
+---+------------+------------+-----------+--------+
| 3 |  3.872275  |   95.12832 |   105500   |   9.97 |
+---+------------+------------+-----------+--------+
| 3 |  4.050349  |   94.80465 |   106000   |  10.15 |
+---+------------+------------+-----------+--------+
| 3 |  3.838560  |   95.20140 |   106500   |  10.00 |
+---+------------+------------+-----------+--------+
| 3 |  3.876083  |   95.06776 |   107000   |  10.01 |
+---+------------+------------+-----------+--------+
| 3 |  3.907781  |   95.07820 |   107500   |   9.89 |
+---+------------+------------+-----------+--------+
| 3 |  3.875019  |   95.10535 |   108000   |   9.88 |
+---+------------+------------+-----------+--------+
| 3 |  3.820802  |   95.28702 |   108500   |   9.93 |
+---+------------+------------+-----------+--------+
| 3 |  3.846484  |   95.19723 |   109000   |  10.01 |
+---+------------+------------+-----------+--------+
| 3 |  3.963895  |   95.04897 |   109500   |  10.07 |
+---+------------+------------+-----------+--------+
| 3 |  3.913365  |   95.09908 |   110000   |  10.11 |
+---+------------+------------+-----------+--------+
| 3 |  3.812489  |   95.39560 |   110500   |   9.95 |
+---+------------+------------+-----------+--------+
| 3 |  3.782391  |   95.33713 |   111000   |   9.97 |
+---+------------+------------+-----------+--------+
| 3 |  3.715160  |   95.49583 |   111500   |   9.97 |
+---+------------+------------+-----------+--------+
| 3 |  3.742780  |   95.47495 |   112000   |   9.98 |
+---+------------+------------+-----------+--------+
| 3 |  3.936413  |   95.15964 |   112500   |  10.01 |
+---+------------+------------+-----------+--------+
| 3 |  3.766438  |   95.32043 |   113000   |  10.29 |
+---+------------+------------+-----------+--------+
| 4 |  3.802656  |   95.33087 |   113500   |  10.83 |
+---+------------+------------+-----------+--------+
| 4 |  3.770495  |   95.35175 |   114000   |  10.24 |
+---+------------+------------+-----------+--------+
| 4 |  3.705666  |   95.50419 |   114500   |  11.00 |
+---+------------+------------+-----------+--------+
| 4 |  3.734303  |   95.45198 |   115000   |  11.19 |
+---+------------+------------+-----------+--------+
| 4 |  3.866480  |   95.24734 |   115500   |  11.06 |
+---+------------+------------+-----------+--------+
| 4 |  3.824889  |   95.32043 |   116000   |  11.06 |
+---+------------+------------+-----------+--------+
| 4 |  3.745927  |   95.41648 |   116500   |  10.86 |
+---+------------+------------+-----------+--------+
| 4 |  3.727067  |   95.31834 |   117000   |  10.77 |
+---+------------+------------+-----------+--------+
| 4 |  3.795983  |   95.35593 |   117500   |  11.29 |
+---+------------+------------+-----------+--------+
| 4 |  3.952454  |   95.33296 |   118000   |  11.28 |
+---+------------+------------+-----------+--------+
| 4 |  3.827289  |   95.45198 |   118500   |  10.38 |
+---+------------+------------+-----------+--------+
| 4 |  3.690479  |   95.41231 |   119000   |  10.02 |
+---+------------+------------+-----------+--------+
| 4 |  3.669886  |   95.52924 |   119500   |   9.81 |
+---+------------+------------+-----------+--------+
| 4 |  3.847661  |   95.24317 |   120000   |  10.05 |
+---+------------+------------+-----------+--------+
| 4 |  3.763908  |   95.29746 |   120500   |  10.00 |
+---+------------+------------+-----------+--------+
| 4 |  3.713709  |   95.39560 |   121000   |  10.60 |
+---+------------+------------+-----------+--------+
| 4 |  3.775344  |   95.29328 |   121500   |  10.27 |
+---+------------+------------+-----------+--------+
| 4 |  3.734074  |   95.31416 |   122000   |  10.17 |
+---+------------+------------+-----------+--------+
| 4 |  3.714292  |   95.30164 |   122500   |   9.98 |
+---+------------+------------+-----------+--------+
| 4 |  3.676344  |   95.40187 |   123000   |   9.98 |
+---+------------+------------+-----------+--------+
| 4 |  3.784193  |   95.33087 |   123500   |   9.99 |
+---+------------+------------+-----------+--------+
| 4 |  3.788143  |   95.36428 |   124000   |   9.92 |
+---+------------+------------+-----------+--------+
| 4 |  3.631596  |   95.47913 |   124500   |  10.08 |
+---+------------+------------+-----------+--------+
| 4 |  3.563765  |   95.65453 |   125000   |   9.97 |
+---+------------+------------+-----------+--------+
| 4 |  3.762267  |   95.34966 |   125500   |   9.86 |
+---+------------+------------+-----------+--------+
| 4 |  3.899111  |   95.23481 |   126000   |   9.96 |
+---+------------+------------+-----------+--------+
| 4 |  3.644591  |   95.48331 |   126500   |   9.75 |
+---+------------+------------+-----------+--------+
| 4 |  3.617747  |   95.55430 |   127000   |  10.80 |
+---+------------+------------+-----------+--------+
| 4 |  3.594021  |   95.57936 |   127500   |  10.39 |
+---+------------+------------+-----------+--------+
| 4 |  3.798009  |   95.35593 |   128000   |  11.47 |
+---+------------+------------+-----------+--------+
| 4 |  3.854006  |   95.20558 |   128500   |  11.21 |
+---+------------+------------+-----------+--------+
| 4 |  3.711658  |   95.45616 |   129000   |  11.07 |
+---+------------+------------+-----------+--------+
| 4 |  3.668259  |   95.43528 |   129500   |  11.01 |
+---+------------+------------+-----------+--------+
| 4 |  3.616361  |   95.45407 |   130000   |  10.90 |
+---+------------+------------+-----------+--------+
| 4 |  3.569832  |   95.56683 |   130500   |  11.08 |
+---+------------+------------+-----------+--------+
| 4 |  3.646203  |   95.50836 |   131000   |  10.94 |
+---+------------+------------+-----------+--------+
| 4 |  3.529037  |   95.56892 |   131500   |  10.82 |
+---+------------+------------+-----------+--------+
| 4 |  3.617425  |   95.50419 |   132000   |  11.00 |
+---+------------+------------+-----------+--------+
| 4 |  3.534329  |   95.63574 |   132500   |  11.13 |
+---+------------+------------+-----------+--------+
| 4 |  3.606829  |   95.44572 |   133000   |  10.79 |
+---+------------+------------+-----------+--------+
| 4 |  3.590268  |   95.61068 |   133500   |  10.96 |
+---+------------+------------+-----------+--------+
| 4 |  3.638549  |   95.52298 |   134000   |  10.93 |
+---+------------+------------+-----------+--------+
| 4 |  3.590242  |   95.64409 |   134500   |  11.08 |
+---+------------+------------+-----------+--------+
| 4 |  3.731689  |   95.50419 |   135000   |  11.06 |
+---+------------+------------+-----------+--------+
| 4 |  3.775194  |   95.33922 |   135500   |  11.43 |
+---+------------+------------+-----------+--------+
| 4 |  3.668020  |   95.51254 |   136000   |  11.00 |
+---+------------+------------+-----------+--------+
| 4 |  3.630507  |   95.49583 |   136500   |  10.84 |
+---+------------+------------+-----------+--------+
| 4 |  3.844536  |   95.36428 |   137000   |  11.30 |
+---+------------+------------+-----------+--------+
| 4 |  3.700166  |   95.56057 |   137500   |  11.54 |
+---+------------+------------+-----------+--------+
| 4 |  3.573205  |   95.55221 |   138000   |  11.30 |
+---+------------+------------+-----------+--------+
| 4 |  3.567475  |   95.53551 |   138500   |  10.85 |
+---+------------+------------+-----------+--------+
| 4 |  3.614667  |   95.48331 |   139000   |  10.83 |
+---+------------+------------+-----------+--------+
| 4 |  3.460230  |   95.61695 |   139500   |  10.97 |
+---+------------+------------+-----------+--------+
| 4 |  3.599856  |   95.46242 |   140000   |  11.44 |
+---+------------+------------+-----------+--------+
| 4 |  3.598769  |   95.61068 |   140500   |  10.84 |
+---+------------+------------+-----------+--------+
| 4 |  3.494692  |   95.59189 |   141000   |  11.19 |
+---+------------+------------+-----------+--------+
| 4 |  3.569681  |   95.49792 |   141500   |  11.22 |
+---+------------+------------+-----------+--------+
| 4 |  3.576614  |   95.55639 |   142000   |  10.94 |
+---+------------+------------+-----------+--------+
| 4 |  3.557275  |   95.63783 |   142500   |  11.26 |
+---+------------+------------+-----------+--------+
| 4 |  3.615626  |   95.59815 |   143000   |  11.21 |
+---+------------+------------+-----------+--------+
| 4 |  3.568896  |   95.63783 |   143500   |  11.39 |
+---+------------+------------+-----------+--------+
| 4 |  3.621527  |   95.44154 |   144000   |  10.99 |
+---+------------+------------+-----------+--------+
| 4 |  3.566075  |   95.55013 |   144500   |  10.99 |
+---+------------+------------+-----------+--------+
| 4 |  3.614992  |   95.48331 |   145000   |  11.10 |
+---+------------+------------+-----------+--------+
| 4 |  3.477781  |   95.53551 |   145500   |  11.03 |
+---+------------+------------+-----------+--------+
| 4 |  3.539303  |   95.56057 |   146000   |  10.85 |
+---+------------+------------+-----------+--------+
| 4 |  3.540900  |   95.55221 |   146500   |  11.00 |
+---+------------+------------+-----------+--------+
| 4 |  3.477132  |   95.72762 |   147000   |  11.07 |
+---+------------+------------+-----------+--------+
| 4 |  3.607879  |   95.69003 |   147500   |  11.03 |
+---+------------+------------+-----------+--------+
| 4 |  3.538119  |   95.74433 |   148000   |  10.86 |
+---+------------+------------+-----------+--------+
| 4 |  3.651249  |   95.46034 |   148500   |  11.00 |
+---+------------+------------+-----------+--------+
| 4 |  3.539377  |   95.72971 |   149000   |  10.83 |
+---+------------+------------+-----------+--------+
| 4 |  3.612499  |   95.64201 |   149500   |  11.46 |
+---+------------+------------+-----------+--------+
| 4 |  3.511616  |   95.61904 |   150000   |  10.93 |
+---+------------+------------+-----------+--------+
| 4 |  3.473784  |   95.65245 |   150500   |  10.28 |
+---+------------+------------+-----------+--------+
| 4 |  3.432206  |   95.80906 |   151000   |  10.95 |
+---+------------+------------+-----------+--------+
| 5 |  3.545582  |   95.56683 |   151500   |  11.51 |
+---+------------+------------+-----------+--------+
| 5 |  3.495061  |   95.56474 |   152000   |  10.92 |
+---+------------+------------+-----------+--------+
| 5 |  3.499656  |   95.65662 |   152500   |  10.21 |
+---+------------+------------+-----------+--------+
| 5 |  3.432060  |   95.76103 |   153000   |  10.29 |
+---+------------+------------+-----------+--------+
| 5 |  3.703102  |   95.49166 |   153500   |  10.83 |
+---+------------+------------+-----------+--------+
| 5 |  3.476720  |   95.62530 |   154000   |   9.63 |
+---+------------+------------+-----------+--------+
| 5 |  3.481771  |   95.59815 |   154500   |  11.34 |
+---+------------+------------+-----------+--------+
| 5 |  3.493245  |   95.53760 |   155000   |  12.44 |
+---+------------+------------+-----------+--------+
| 5 |  3.461347  |   95.74224 |   155500   |  11.90 |
+---+------------+------------+-----------+--------+
| 5 |  3.579905  |   95.47913 |   156000   |  11.23 |
+---+------------+------------+-----------+--------+
| 5 |  3.491501  |   95.69003 |   156500   |  11.05 |
+---+------------+------------+-----------+--------+
| 5 |  3.512283  |   95.63156 |   157000   |  10.86 |
+---+------------+------------+-----------+--------+
| 5 |  3.451764  |   95.63156 |   157500   |  11.09 |
+---+------------+------------+-----------+--------+
| 5 |  3.668538  |   95.32460 |   158000   |  11.19 |
+---+------------+------------+-----------+--------+
| 5 |  3.324804  |   95.80697 |   158500   |  12.17 |
+---+------------+------------+-----------+--------+
| 5 |  3.438852  |   95.76103 |   159000   |  12.33 |
+---+------------+------------+-----------+--------+
| 5 |  3.436366  |   95.71300 |   159500   |  10.32 |
+---+------------+------------+-----------+--------+
| 5 |  3.538297  |   95.62321 |   160000   |  10.23 |
+---+------------+------------+-----------+--------+
| 5 |  3.432638  |   95.76103 |   160500   |  10.23 |
+---+------------+------------+-----------+--------+
| 5 |  3.506667  |   95.66289 |   161000   |  10.18 |
+---+------------+------------+-----------+--------+
| 5 |  3.560894  |   95.63992 |   161500   |  10.12 |
+---+------------+------------+-----------+--------+
| 5 |  3.583584  |   95.57727 |   162000   |  10.28 |
+---+------------+------------+-----------+--------+
| 5 |  3.338828  |   95.82159 |   162500   |  10.25 |
+---+------------+------------+-----------+--------+
| 5 |  3.611588  |   95.47286 |   163000   |  10.07 |
+---+------------+------------+-----------+--------+
| 5 |  3.537587  |   95.47704 |   163500   |  10.25 |
+---+------------+------------+-----------+--------+
| 5 |  3.610402  |   95.56683 |   164000   |  10.15 |
+---+------------+------------+-----------+--------+
| 5 |  3.440823  |   95.56266 |   164500   |  10.75 |
+---+------------+------------+-----------+--------+
| 5 |  3.421499  |   95.77982 |   165000   |  10.20 |
+---+------------+------------+-----------+--------+
| 5 |  3.624797  |   95.51880 |   165500   |  10.10 |
+---+------------+------------+-----------+--------+
| 5 |  3.371256  |   95.84247 |   166000   |  10.23 |
+---+------------+------------+-----------+--------+
| 5 |  3.350708  |   95.80071 |   166500   |  10.37 |
+---+------------+------------+-----------+--------+
| 5 |  3.396337  |   95.83412 |   167000   |  10.05 |
+---+------------+------------+-----------+--------+
| 5 |  3.477369  |   95.66289 |   167500   |  10.15 |
+---+------------+------------+-----------+--------+
| 5 |  3.418496  |   95.67333 |   168000   |   9.99 |
+---+------------+------------+-----------+--------+
| 5 |  3.441745  |   95.74015 |   168500   |  10.15 |
+---+------------+------------+-----------+--------+
| 5 |  3.467354  |   95.63992 |   169000   |  10.13 |
+---+------------+------------+-----------+--------+
| 5 |  3.290122  |   95.89885 |   169500   |  10.25 |
+---+------------+------------+-----------+--------+
| 5 |  3.349486  |   95.92182 |   170000   |   9.98 |
+---+------------+------------+-----------+--------+
| 5 |  3.411389  |   95.77147 |   170500   |  10.19 |
+---+------------+------------+-----------+--------+
| 5 |  3.538083  |   95.73597 |   171000   |  10.08 |
+---+------------+------------+-----------+--------+
| 5 |  3.308754  |   95.83412 |   171500   |  10.07 |
+---+------------+------------+-----------+--------+
| 5 |  3.443975  |   95.73597 |   172000   |  10.22 |
+---+------------+------------+-----------+--------+
| 5 |  3.325511  |   95.86335 |   172500   |  10.01 |
+---+------------+------------+-----------+--------+
| 5 |  3.455672  |   95.73180 |   173000   |  10.10 |
+---+------------+------------+-----------+--------+
| 5 |  3.441782  |   95.65036 |   173500   |  10.01 |
+---+------------+------------+-----------+--------+
| 5 |  3.407892  |   95.73388 |   174000   |  10.16 |
+---+------------+------------+-----------+--------+
| 5 |  3.336099  |   95.79444 |   174500   |   9.98 |
+---+------------+------------+-----------+--------+
| 5 |  3.368751  |   95.83412 |   175000   |  10.17 |
+---+------------+------------+-----------+--------+
| 5 |  3.295524  |   95.86544 |   175500   |   9.94 |
+---+------------+------------+-----------+--------+
| 5 |  3.393619  |   95.61486 |   176000   |  10.15 |
+---+------------+------------+-----------+--------+
| 5 |  3.401249  |   95.74015 |   176500   |  10.19 |
+---+------------+------------+-----------+--------+
| 5 |  3.262567  |   95.86544 |   177000   |  10.50 |
+---+------------+------------+-----------+--------+
| 5 |  3.439790  |   95.73806 |   177500   |  10.81 |
+---+------------+------------+-----------+--------+
| 5 |  3.374269  |   95.80488 |   178000   |  10.23 |
+---+------------+------------+-----------+--------+
| 5 |  3.548337  |   95.60859 |   178500   |  10.35 |
+---+------------+------------+-----------+--------+
| 5 |  3.370502  |   95.71509 |   179000   |  10.01 |
+---+------------+------------+-----------+--------+
| 5 |  3.546887  |   95.57310 |   179500   |  10.42 |
+---+------------+------------+-----------+--------+
| 5 |  3.404312  |   95.76730 |   180000   |   9.92 |
+---+------------+------------+-----------+--------+
| 5 |  3.417033  |   95.80697 |   180500   |   9.90 |
+---+------------+------------+-----------+--------+
| 5 |  3.346657  |   95.82576 |   181000   |  10.02 |
+---+------------+------------+-----------+--------+
| 5 |  3.355440  |   95.81532 |   181500   |  10.13 |
+---+------------+------------+-----------+--------+
| 5 |  3.339161  |   95.85500 |   182000   |  10.75 |
+---+------------+------------+-----------+--------+
| 5 |  3.312936  |   95.77774 |   182500   |  11.18 |
+---+------------+------------+-----------+--------+
| 5 |  3.314748  |   95.84038 |   183000   |  10.42 |
+---+------------+------------+-----------+--------+
| 5 |  3.697775  |   95.39978 |   183500   |  10.98 |
+---+------------+------------+-----------+--------+
| 5 |  3.447862  |   95.73597 |   184000   |  10.47 |
+---+------------+------------+-----------+--------+
| 5 |  3.304095  |   95.86335 |   184500   |  10.81 |
+---+------------+------------+-----------+--------+
| 5 |  3.359884  |   95.86962 |   185000   |  10.26 |
+---+------------+------------+-----------+--------+
| 5 |  3.215292  |   95.89258 |   185500   |  10.73 |
+---+------------+------------+-----------+--------+
| 5 |  3.333650  |   95.92391 |   186000   |  10.61 |
+---+------------+------------+-----------+--------+
| 5 |  3.424117  |   95.77565 |   186500   |  10.48 |
+---+------------+------------+-----------+--------+
| 5 |  3.454691  |   95.80906 |   187000   |  11.35 |
+---+------------+------------+-----------+--------+
| 5 |  3.130604  |   96.02205 |   187500   |  10.87 |
+---+------------+------------+-----------+--------+
| 5 |  3.379502  |   95.75477 |   188000   |   9.93 |
+---+------------+------------+-----------+--------+
| 5 |  3.207494  |   95.94270 |   188500   |   9.98 |
+---+------------+------------+-----------+--------+
| 5 |  3.275357  |   96.01579 |   189000   |  10.10 |
+---+------------+------------+-----------+--------+
| 5 |  3.320226  |   95.88632 |   189160   |   7.63 |
+---+------------+------------+-----------+--------+

Finished training in 5728.11s