task:			ner
epochs:			5
embed_dim:		64
repr_dim:		64
lstm_dim1:		32
lstm_dim2:		32
representor:		d

learning_rate:		0.0005
Training...
This may take a while

+---+------------+------------+-----------+--------+
| i |  dev_loss  |  dev_accu  | sentences |  time  |
+---+------------+------------+-----------+--------+
| 1 |  8.602861  |    0.00000 |     500   |   9.76 |
+---+------------+------------+-----------+--------+
| 1 |  5.442030  |   22.97082 |    1000   |   9.07 |
+---+------------+------------+-----------+--------+
| 1 |  5.173324  |   31.71084 |    1500   |   9.20 |
+---+------------+------------+-----------+--------+
| 1 |  4.897641  |   35.17779 |    2000   |   9.30 |
+---+------------+------------+-----------+--------+
| 1 |  4.254454  |   42.94511 |    2500   |   9.23 |
+---+------------+------------+-----------+--------+
| 1 |  3.897657  |   45.94340 |    3000   |   9.28 |
+---+------------+------------+-----------+--------+
| 1 |  3.634757  |   51.11472 |    3500   |   9.28 |
+---+------------+------------+-----------+--------+
| 1 |  3.456161  |   51.19296 |    4000   |   9.10 |
+---+------------+------------+-----------+--------+
| 1 |  3.193846  |   56.05431 |    4500   |   9.22 |
+---+------------+------------+-----------+--------+
| 1 |  3.106659  |   58.32313 |    5000   |   9.24 |
+---+------------+------------+-----------+--------+
| 1 |  3.415982  |   50.09601 |    5500   |   9.26 |
+---+------------+------------+-----------+--------+
| 1 |  2.780107  |   63.85649 |    6000   |   9.30 |
+---+------------+------------+-----------+--------+
| 1 |  2.809364  |   63.66494 |    6500   |   9.24 |
+---+------------+------------+-----------+--------+
| 1 |  2.509925  |   67.97145 |    7000   |   9.28 |
+---+------------+------------+-----------+--------+
| 1 |  2.617949  |   67.32597 |    7500   |   9.15 |
+---+------------+------------+-----------+--------+
| 1 |  2.515507  |   68.75353 |    8000   |   9.21 |
+---+------------+------------+-----------+--------+
| 1 |  2.634458  |   68.16847 |    8500   |   9.22 |
+---+------------+------------+-----------+--------+
| 1 |  2.422394  |   71.52723 |    9000   |   9.16 |
+---+------------+------------+-----------+--------+
| 1 |  2.713638  |   65.16918 |    9500   |   9.18 |
+---+------------+------------+-----------+--------+
| 1 |  2.311518  |   72.07432 |   10000   |   9.17 |
+---+------------+------------+-----------+--------+
| 1 |  2.294552  |   72.47329 |   10500   |   9.36 |
+---+------------+------------+-----------+--------+
| 1 |  2.382897  |   73.23039 |   11000   |   9.10 |
+---+------------+------------+-----------+--------+
| 1 |  2.488445  |   72.70866 |   11500   |   8.18 |
+---+------------+------------+-----------+--------+
| 1 |  2.344488  |   72.57345 |   12000   |   9.14 |
+---+------------+------------+-----------+--------+
| 1 |  2.196189  |   73.31524 |   12500   |   9.22 |
+---+------------+------------+-----------+--------+
| 1 |  2.289292  |   74.74496 |   13000   |   9.36 |
+---+------------+------------+-----------+--------+
| 1 |  2.119300  |   75.66663 |   13500   |   9.17 |
+---+------------+------------+-----------+--------+
| 1 |  2.199480  |   76.02560 |   14000   |   9.16 |
+---+------------+------------+-----------+--------+
| 1 |  2.047723  |   77.60429 |   14500   |   9.27 |
+---+------------+------------+-----------+--------+
| 2 |  1.929131  |   78.28065 |   15000   |   9.24 |
+---+------------+------------+-----------+--------+
| 2 |  2.080605  |   76.81422 |   15500   |   9.28 |
+---+------------+------------+-----------+--------+
| 2 |  2.054604  |   76.93880 |   16000   |   9.21 |
+---+------------+------------+-----------+--------+
| 2 |  2.151408  |   77.28082 |   16500   |   9.19 |
+---+------------+------------+-----------+--------+
| 2 |  2.127106  |   77.46769 |   17000   |   9.82 |
+---+------------+------------+-----------+--------+
| 2 |  1.979363  |   79.58074 |   17500   |   9.20 |
+---+------------+------------+-----------+--------+
| 2 |  1.953482  |   78.96054 |   18000   |   9.29 |
+---+------------+------------+-----------+--------+
| 2 |  1.937509  |   79.90981 |   18500   |   9.39 |
+---+------------+------------+-----------+--------+
| 2 |  1.884972  |   79.56611 |   19000   |   9.25 |
+---+------------+------------+-----------+--------+
| 2 |  1.945047  |   80.49332 |   19500   |   9.30 |
+---+------------+------------+-----------+--------+
| 2 |  1.919103  |   79.47005 |   20000   |   8.93 |
+---+------------+------------+-----------+--------+
| 2 |  1.860340  |   80.66011 |   20500   |   9.26 |
+---+------------+------------+-----------+--------+
| 2 |  1.875286  |   80.33065 |   21000   |   9.16 |
+---+------------+------------+-----------+--------+
| 2 |  1.773553  |   80.98712 |   21500   |   9.23 |
+---+------------+------------+-----------+--------+
| 2 |  2.134507  |   80.55587 |   22000   |   9.38 |
+---+------------+------------+-----------+--------+
| 2 |  2.214618  |   78.41966 |   22500   |   9.10 |
+---+------------+------------+-----------+--------+
| 2 |  1.828085  |   82.37496 |   23000   |   9.38 |
+---+------------+------------+-----------+--------+
| 2 |  1.849672  |   81.95917 |   23500   |   9.15 |
+---+------------+------------+-----------+--------+
| 2 |  1.965882  |   79.70568 |   24000   |   9.41 |
+---+------------+------------+-----------+--------+
| 2 |  1.833710  |   82.50795 |   24500   |   9.08 |
+---+------------+------------+-----------+--------+
| 2 |  1.828169  |   81.78268 |   25000   |   9.21 |
+---+------------+------------+-----------+--------+
| 2 |  1.768918  |   83.16606 |   25500   |   9.33 |
+---+------------+------------+-----------+--------+
| 2 |  1.900473  |   82.07676 |   26000   |   9.18 |
+---+------------+------------+-----------+--------+
| 2 |  2.170840  |   79.32703 |   26500   |   9.46 |
+---+------------+------------+-----------+--------+
| 2 |  1.773007  |   83.23265 |   27000   |   9.21 |
+---+------------+------------+-----------+--------+
| 2 |  1.859781  |   82.15909 |   27500   |   9.10 |
+---+------------+------------+-----------+--------+
| 2 |  1.738630  |   82.89862 |   28000   |   9.16 |
+---+------------+------------+-----------+--------+
| 2 |  1.717945  |   82.85940 |   28500   |   9.23 |
+---+------------+------------+-----------+--------+
| 2 |  1.709987  |   83.03714 |   29000   |   9.28 |
+---+------------+------------+-----------+--------+
| 2 |  1.629483  |   84.04024 |   29500   |   9.45 |
+---+------------+------------+-----------+--------+
| 3 |  1.633024  |   83.59945 |   30000   |   9.38 |
+---+------------+------------+-----------+--------+
| 3 |  1.798046  |   83.89753 |   30500   |   9.21 |
+---+------------+------------+-----------+--------+
| 3 |  2.224070  |   82.60573 |   31000   |   9.09 |
+---+------------+------------+-----------+--------+
| 3 |  1.884226  |   82.86862 |   31500   |   9.21 |
+---+------------+------------+-----------+--------+
| 3 |  1.800113  |   84.08832 |   32000   |   9.30 |
+---+------------+------------+-----------+--------+
| 3 |  1.846074  |   83.13887 |   32500   |   9.94 |
+---+------------+------------+-----------+--------+
| 3 |  1.736390  |   83.89193 |   33000   |   9.62 |
+---+------------+------------+-----------+--------+
| 3 |  2.020446  |   83.76468 |   33500   |   9.80 |
+---+------------+------------+-----------+--------+
| 3 |  1.827830  |   84.40023 |   34000   |   9.40 |
+---+------------+------------+-----------+--------+
| 3 |  1.954337  |   83.51460 |   34500   |   9.20 |
+---+------------+------------+-----------+--------+
| 3 |  1.672711  |   84.40023 |   35000   |   9.09 |
+---+------------+------------+-----------+--------+
| 3 |  1.973278  |   84.15369 |   35500   |   9.38 |
+---+------------+------------+-----------+--------+
| 3 |  1.821336  |   84.17801 |   36000   |  10.15 |
+---+------------+------------+-----------+--------+
| 3 |  2.034500  |   83.83343 |   36500   |   9.78 |
+---+------------+------------+-----------+--------+
| 3 |  1.896118  |   84.09429 |   37000   |  10.10 |
+---+------------+------------+-----------+--------+
| 3 |  1.766831  |   84.41173 |   37500   |  10.46 |
+---+------------+------------+-----------+--------+
| 3 |  1.835293  |   84.33887 |   38000   |  10.26 |
+---+------------+------------+-----------+--------+
| 3 |  1.762179  |   84.83574 |   38500   |  10.69 |
+---+------------+------------+-----------+--------+
| 3 |  1.841654  |   83.92508 |   39000   |  11.26 |
+---+------------+------------+-----------+--------+
| 3 |  1.996688  |   84.02746 |   39500   |  10.59 |
+---+------------+------------+-----------+--------+
| 3 |  1.855857  |   84.55673 |   40000   |   9.48 |
+---+------------+------------+-----------+--------+
| 3 |  1.757647  |   84.85055 |   40500   |  10.70 |
+---+------------+------------+-----------+--------+
| 3 |  1.939545  |   83.88636 |   41000   |  10.07 |
+---+------------+------------+-----------+--------+
| 3 |  1.872679  |   83.85029 |   41500   |  10.01 |
+---+------------+------------+-----------+--------+
| 3 |  1.629451  |   84.45378 |   42000   |  10.12 |
+---+------------+------------+-----------+--------+
| 3 |  2.012879  |   84.01322 |   42500   |  10.05 |
+---+------------+------------+-----------+--------+
| 3 |  2.191347  |   83.41425 |   43000   |  10.09 |
+---+------------+------------+-----------+--------+
| 3 |  1.800173  |   84.97321 |   43500   |  10.03 |
+---+------------+------------+-----------+--------+
| 3 |  1.808437  |   85.23000 |   44000   |  10.07 |
+---+------------+------------+-----------+--------+
| 3 |  1.797145  |   84.42950 |   44500   |  11.12 |
+---+------------+------------+-----------+--------+
| 4 |  1.708714  |   84.64857 |   45000   |   9.53 |
+---+------------+------------+-----------+--------+
| 4 |  1.892618  |   84.27133 |   45500   |   9.81 |
+---+------------+------------+-----------+--------+
| 4 |  1.920353  |   84.79699 |   46000   |   9.19 |
+---+------------+------------+-----------+--------+
| 4 |  1.882674  |   84.98001 |   46500   |   9.17 |
+---+------------+------------+-----------+--------+
| 4 |  1.771886  |   84.42364 |   47000   |   9.88 |
+---+------------+------------+-----------+--------+
| 4 |  1.872282  |   85.17925 |   47500   |   9.62 |
+---+------------+------------+-----------+--------+
| 4 |  1.835296  |   84.98227 |   48000   |   9.31 |
+---+------------+------------+-----------+--------+
| 4 |  1.889580  |   85.09324 |   48500   |   9.57 |
+---+------------+------------+-----------+--------+
| 4 |  1.721344  |   85.46014 |   49000   |   9.49 |
+---+------------+------------+-----------+--------+
| 4 |  1.686714  |   85.47556 |   49500   |   9.40 |
+---+------------+------------+-----------+--------+
| 4 |  1.759664  |   85.06243 |   50000   |   9.42 |
+---+------------+------------+-----------+--------+
| 4 |  1.590842  |   85.71429 |   50500   |   9.34 |
+---+------------+------------+-----------+--------+
| 4 |  1.685624  |   85.73045 |   51000   |   9.30 |
+---+------------+------------+-----------+--------+
| 4 |  1.823427  |   85.12803 |   51500   |   9.54 |
+---+------------+------------+-----------+--------+
| 4 |  1.767116  |   85.39146 |   52000   |   9.53 |
+---+------------+------------+-----------+--------+
| 4 |  1.699873  |   85.89787 |   52500   |  10.06 |
+---+------------+------------+-----------+--------+
| 4 |  1.789140  |   85.93661 |   53000   |   9.39 |
+---+------------+------------+-----------+--------+
| 4 |  2.016377  |   84.49701 |   53500   |   9.33 |
+---+------------+------------+-----------+--------+
| 4 |  1.923910  |   85.69964 |   54000   |   9.23 |
+---+------------+------------+-----------+--------+
| 4 |  2.017577  |   84.43633 |   54500   |   9.42 |
+---+------------+------------+-----------+--------+
| 4 |  1.867025  |   83.18867 |   55000   |   9.49 |
+---+------------+------------+-----------+--------+
| 4 |  1.821013  |   85.68668 |   55500   |   9.40 |
+---+------------+------------+-----------+--------+
| 4 |  1.851478  |   85.60649 |   56000   |   9.55 |
+---+------------+------------+-----------+--------+
| 4 |  1.762710  |   84.75057 |   56500   |   9.52 |
+---+------------+------------+-----------+--------+
| 4 |  1.758218  |   85.15214 |   57000   |   9.33 |
+---+------------+------------+-----------+--------+
| 4 |  1.910862  |   84.81897 |   57500   |   9.36 |
+---+------------+------------+-----------+--------+
| 4 |  1.857177  |   85.61769 |   58000   |   9.40 |
+---+------------+------------+-----------+--------+
| 4 |  1.879553  |   85.87242 |   58500   |   9.95 |
+---+------------+------------+-----------+--------+
| 4 |  1.789196  |   86.15015 |   59000   |   9.30 |
+---+------------+------------+-----------+--------+
| 4 |  1.737418  |   85.60718 |   59500   |   9.31 |
+---+------------+------------+-----------+--------+
| 5 |  1.702287  |   85.82183 |   60000   |   9.31 |
+---+------------+------------+-----------+--------+
| 5 |  1.776969  |   85.89846 |   60500   |   9.30 |
+---+------------+------------+-----------+--------+
| 5 |  2.016223  |   85.54616 |   61000   |   9.17 |
+---+------------+------------+-----------+--------+
| 5 |  1.918614  |   85.69315 |   61500   |   9.27 |
+---+------------+------------+-----------+--------+
| 5 |  1.945023  |   85.77329 |   62000   |   9.25 |
+---+------------+------------+-----------+--------+
| 5 |  2.012990  |   84.73720 |   62500   |   9.22 |
+---+------------+------------+-----------+--------+
| 5 |  1.785614  |   85.77116 |   63000   |   9.35 |
+---+------------+------------+-----------+--------+
| 5 |  1.939867  |   86.07537 |   63500   |   9.25 |
+---+------------+------------+-----------+--------+
| 5 |  1.774662  |   85.90817 |   64000   |   9.19 |
+---+------------+------------+-----------+--------+
| 5 |  1.928001  |   85.90712 |   64500   |   9.34 |
+---+------------+------------+-----------+--------+
| 5 |  2.023046  |   85.69139 |   65000   |   9.16 |
+---+------------+------------+-----------+--------+
| 5 |  1.871457  |   85.24960 |   65500   |   9.31 |
+---+------------+------------+-----------+--------+
| 5 |  1.836200  |   85.81560 |   66000   |   9.27 |
+---+------------+------------+-----------+--------+
| 5 |  1.819935  |   85.73379 |   66500   |   9.29 |
+---+------------+------------+-----------+--------+
| 5 |  2.030568  |   85.89112 |   67000   |   9.43 |
+---+------------+------------+-----------+--------+
| 5 |  2.067480  |   85.20473 |   67500   |   9.17 |
+---+------------+------------+-----------+--------+
| 5 |  2.095981  |   85.57516 |   68000   |   9.29 |
+---+------------+------------+-----------+--------+
| 5 |  2.252945  |   85.27283 |   68500   |   9.25 |
+---+------------+------------+-----------+--------+
| 5 |  1.901611  |   86.26129 |   69000   |   9.21 |
+---+------------+------------+-----------+--------+
| 5 |  1.774068  |   85.59002 |   69500   |   9.41 |
+---+------------+------------+-----------+--------+
| 5 |  1.848360  |   85.51621 |   70000   |   9.21 |
+---+------------+------------+-----------+--------+
| 5 |  1.918735  |   86.20611 |   70500   |   9.28 |
+---+------------+------------+-----------+--------+
| 5 |  2.129761  |   85.65391 |   71000   |   9.27 |
+---+------------+------------+-----------+--------+
| 5 |  2.029720  |   86.05769 |   71500   |   9.30 |
+---+------------+------------+-----------+--------+
| 5 |  1.863475  |   85.88992 |   72000   |   9.36 |
+---+------------+------------+-----------+--------+
| 5 |  1.877429  |   86.69024 |   72500   |   9.09 |
+---+------------+------------+-----------+--------+
| 5 |  2.472658  |   83.51914 |   73000   |  10.13 |
+---+------------+------------+-----------+--------+
| 5 |  1.835941  |   86.57413 |   73500   |   9.18 |
+---+------------+------------+-----------+--------+
| 5 |  1.941620  |   86.60309 |   74000   |   9.43 |
+---+------------+------------+-----------+--------+
| 5 |  1.889168  |   86.28774 |   74500   |   9.21 |
+---+------------+------------+-----------+--------+
| 5 |  1.843849  |   86.51157 |   74935   |   8.80 |
+---+------------+------------+-----------+--------+

Finished training in 1414.21s