task:			ner
epochs:			5
embed_dim:		64
repr_dim:		64
lstm_dim1:		32
lstm_dim2:		32
representor:		b

learning_rate:		0.0005
Training...
This may take a while

+---+------------+------------+-----------+--------+
| i |  dev_loss  |  dev_accu  | sentences |  time  |
+---+------------+------------+-----------+--------+
| 1 |  9.490997  |    0.00000 |     500   |  14.98 |
+---+------------+------------+-----------+--------+
| 1 |  6.375535  |   18.58758 |    1000   |  16.55 |
+---+------------+------------+-----------+--------+
| 1 |  5.185121  |   30.31910 |    1500   |  17.71 |
+---+------------+------------+-----------+--------+
| 1 |  5.083444  |   33.27729 |    2000   |  17.40 |
+---+------------+------------+-----------+--------+
| 1 |  5.110590  |   31.91126 |    2500   |  17.67 |
+---+------------+------------+-----------+--------+
| 1 |  4.838187  |   34.66488 |    3000   |  18.46 |
+---+------------+------------+-----------+--------+
| 1 |  4.720651  |   37.73374 |    3500   |  19.28 |
+---+------------+------------+-----------+--------+
| 1 |  4.668647  |   38.83515 |    4000   |  18.51 |
+---+------------+------------+-----------+--------+
| 1 |  4.523950  |   38.97366 |    4500   |  17.45 |
+---+------------+------------+-----------+--------+
| 1 |  4.986009  |   36.01280 |    5000   |  17.58 |
+---+------------+------------+-----------+--------+
| 1 |  4.428116  |   44.26454 |    5500   |  17.42 |
+---+------------+------------+-----------+--------+
| 1 |  4.225899  |   44.64153 |    6000   |  17.02 |
+---+------------+------------+-----------+--------+
| 1 |  4.072312  |   45.95532 |    6500   |  17.90 |
+---+------------+------------+-----------+--------+
| 1 |  3.869964  |   47.82799 |    7000   |  20.21 |
+---+------------+------------+-----------+--------+
| 1 |  3.845042  |   48.60147 |    7500   |  13.83 |
+---+------------+------------+-----------+--------+
| 1 |  3.757979  |   49.03041 |    8000   |  11.70 |
+---+------------+------------+-----------+--------+
| 1 |  3.856085  |   46.92867 |    8500   |   9.94 |
+---+------------+------------+-----------+--------+
| 1 |  3.873142  |   50.01628 |    9000   |   9.63 |
+---+------------+------------+-----------+--------+
| 1 |  3.557415  |   51.67888 |    9500   |   9.68 |
+---+------------+------------+-----------+--------+
| 1 |  3.503813  |   52.88643 |   10000   |   9.48 |
+---+------------+------------+-----------+--------+
| 1 |  3.629270  |   50.44504 |   10500   |   9.60 |
+---+------------+------------+-----------+--------+
| 1 |  3.369109  |   53.50858 |   11000   |   9.66 |
+---+------------+------------+-----------+--------+
| 1 |  3.376547  |   55.15367 |   11500   |   9.44 |
+---+------------+------------+-----------+--------+
| 1 |  3.376721  |   54.14371 |   12000   |   9.42 |
+---+------------+------------+-----------+--------+
| 1 |  3.344544  |   55.87196 |   12500   |   9.53 |
+---+------------+------------+-----------+--------+
| 1 |  3.353791  |   56.26664 |   13000   |   9.85 |
+---+------------+------------+-----------+--------+
| 1 |  3.270084  |   56.97895 |   13500   |   9.73 |
+---+------------+------------+-----------+--------+
| 1 |  3.277481  |   57.54405 |   14000   |   9.63 |
+---+------------+------------+-----------+--------+
| 1 |  3.140164  |   58.45813 |   14500   |   9.66 |
+---+------------+------------+-----------+--------+
| 2 |  3.122719  |   58.86210 |   15000   |   9.24 |
+---+------------+------------+-----------+--------+
| 2 |  3.209788  |   58.89063 |   15500   |   9.33 |
+---+------------+------------+-----------+--------+
| 2 |  3.136978  |   58.58541 |   16000   |   9.34 |
+---+------------+------------+-----------+--------+
| 2 |  3.155783  |   59.20578 |   16500   |   9.47 |
+---+------------+------------+-----------+--------+
| 2 |  3.005331  |   60.98430 |   17000   |   9.59 |
+---+------------+------------+-----------+--------+
| 2 |  2.969942  |   61.68578 |   17500   |   9.54 |
+---+------------+------------+-----------+--------+
| 2 |  2.947668  |   61.39262 |   18000   |   9.69 |
+---+------------+------------+-----------+--------+
| 2 |  3.149722  |   59.28854 |   18500   |   9.87 |
+---+------------+------------+-----------+--------+
| 2 |  2.913776  |   61.96900 |   19000   |   9.75 |
+---+------------+------------+-----------+--------+
| 2 |  2.778633  |   63.88612 |   19500   |   9.49 |
+---+------------+------------+-----------+--------+
| 2 |  2.805488  |   63.12950 |   20000   |   9.33 |
+---+------------+------------+-----------+--------+
| 2 |  2.917365  |   61.90371 |   20500   |   9.52 |
+---+------------+------------+-----------+--------+
| 2 |  2.814772  |   62.95969 |   21000   |   9.56 |
+---+------------+------------+-----------+--------+
| 2 |  2.718299  |   64.99555 |   21500   |   9.56 |
+---+------------+------------+-----------+--------+
| 2 |  2.750867  |   64.63563 |   22000   |   9.70 |
+---+------------+------------+-----------+--------+
| 2 |  2.876115  |   64.13236 |   22500   |   9.52 |
+---+------------+------------+-----------+--------+
| 2 |  2.848337  |   64.18631 |   23000   |   9.36 |
+---+------------+------------+-----------+--------+
| 2 |  2.713446  |   65.56026 |   23500   |   9.69 |
+---+------------+------------+-----------+--------+
| 2 |  2.685980  |   65.77612 |   24000   |   9.65 |
+---+------------+------------+-----------+--------+
| 2 |  2.624453  |   65.72362 |   24500   |  10.33 |
+---+------------+------------+-----------+--------+
| 2 |  2.593203  |   67.28679 |   25000   |   9.50 |
+---+------------+------------+-----------+--------+
| 2 |  2.679641  |   66.75240 |   25500   |   9.42 |
+---+------------+------------+-----------+--------+
| 2 |  2.775633  |   64.54596 |   26000   |   9.08 |
+---+------------+------------+-----------+--------+
| 2 |  2.521997  |   68.53084 |   26500   |   9.13 |
+---+------------+------------+-----------+--------+
| 2 |  2.688095  |   65.74728 |   27000   |   9.15 |
+---+------------+------------+-----------+--------+
| 2 |  2.618450  |   67.79106 |   27500   |   9.15 |
+---+------------+------------+-----------+--------+
| 2 |  2.542886  |   68.80214 |   28000   |   9.26 |
+---+------------+------------+-----------+--------+
| 2 |  2.587820  |   67.21293 |   28500   |   9.21 |
+---+------------+------------+-----------+--------+
| 2 |  2.522750  |   69.69798 |   29000   |   9.22 |
+---+------------+------------+-----------+--------+
| 2 |  2.561529  |   68.34718 |   29500   |   9.22 |
+---+------------+------------+-----------+--------+
| 3 |  2.708593  |   68.66518 |   30000   |   9.19 |
+---+------------+------------+-----------+--------+
| 3 |  2.604797  |   68.05775 |   30500   |   9.09 |
+---+------------+------------+-----------+--------+
| 3 |  2.406938  |   70.86614 |   31000   |   9.13 |
+---+------------+------------+-----------+--------+
| 3 |  2.387962  |   71.05937 |   31500   |   9.11 |
+---+------------+------------+-----------+--------+
| 3 |  2.390337  |   71.53811 |   32000   |   9.07 |
+---+------------+------------+-----------+--------+
| 3 |  2.446454  |   70.54255 |   32500   |   9.34 |
+---+------------+------------+-----------+--------+
| 3 |  2.410264  |   70.62115 |   33000   |   9.22 |
+---+------------+------------+-----------+--------+
| 3 |  2.571629  |   70.53452 |   33500   |   9.16 |
+---+------------+------------+-----------+--------+
| 3 |  2.345719  |   72.61332 |   34000   |   9.25 |
+---+------------+------------+-----------+--------+
| 3 |  2.416629  |   71.61920 |   34500   |   9.08 |
+---+------------+------------+-----------+--------+
| 3 |  2.582406  |   71.03192 |   35000   |  779.12 |
+---+------------+------------+-----------+--------+
| 3 |  2.616614  |   69.60342 |   35500   |   9.33 |
+---+------------+------------+-----------+--------+
| 3 |  2.313899  |   72.79461 |   36000   |   9.09 |
+---+------------+------------+-----------+--------+
| 3 |  2.362869  |   72.24421 |   36500   |   9.50 |
+---+------------+------------+-----------+--------+
| 3 |  2.385819  |   72.82816 |   37000   |   9.66 |
+---+------------+------------+-----------+--------+
| 3 |  2.352616  |   72.95202 |   37500   |   9.34 |
+---+------------+------------+-----------+--------+
| 3 |  2.458591  |   71.91610 |   38000   |   9.50 |
+---+------------+------------+-----------+--------+
| 3 |  2.468613  |   71.34895 |   38500   |   9.79 |
+---+------------+------------+-----------+--------+
| 3 |  2.172875  |   73.65337 |   39000   |  11.41 |
+---+------------+------------+-----------+--------+
| 3 |  2.248905  |   73.18448 |   39500   |  11.84 |
+---+------------+------------+-----------+--------+
| 3 |  2.262740  |   73.37800 |   40000   |  10.31 |
+---+------------+------------+-----------+--------+
| 3 |  2.185184  |   73.29814 |   40500   |   9.79 |
+---+------------+------------+-----------+--------+
| 3 |  2.225811  |   73.93327 |   41000   |   9.48 |
+---+------------+------------+-----------+--------+
| 3 |  2.154280  |   74.27475 |   41500   |   9.35 |
+---+------------+------------+-----------+--------+
| 3 |  2.269860  |   73.07779 |   42000   |   9.43 |
+---+------------+------------+-----------+--------+
| 3 |  2.083374  |   75.59625 |   42500   |   9.28 |
+---+------------+------------+-----------+--------+
| 3 |  2.154802  |   75.24540 |   43000   |   9.46 |
+---+------------+------------+-----------+--------+
| 3 |  2.188719  |   74.43996 |   43500   |  10.46 |
+---+------------+------------+-----------+--------+
| 3 |  2.099356  |   74.96040 |   44000   |   8.81 |
+---+------------+------------+-----------+--------+
| 3 |  2.237318  |   73.79060 |   44500   |  10.79 |
+---+------------+------------+-----------+--------+
| 4 |  2.067340  |   74.86191 |   45000   |  10.10 |
+---+------------+------------+-----------+--------+
| 4 |  2.132628  |   75.24364 |   45500   |   9.49 |
+---+------------+------------+-----------+--------+
| 4 |  2.174572  |   74.41729 |   46000   |  10.04 |
+---+------------+------------+-----------+--------+
| 4 |  2.151816  |   75.34900 |   46500   |   8.99 |
+---+------------+------------+-----------+--------+
| 4 |  2.113589  |   75.73288 |   47000   |  10.63 |
+---+------------+------------+-----------+--------+
| 4 |  2.086331  |   75.81500 |   47500   |  10.81 |
+---+------------+------------+-----------+--------+
| 4 |  2.152527  |   76.03259 |   48000   |  10.25 |
+---+------------+------------+-----------+--------+
| 4 |  2.162075  |   75.56566 |   48500   |  10.87 |
+---+------------+------------+-----------+--------+
| 4 |  2.168783  |   76.35264 |   49000   |   9.10 |
+---+------------+------------+-----------+--------+
| 4 |  2.181492  |   75.59135 |   49500   |  12.66 |
+---+------------+------------+-----------+--------+
| 4 |  2.125982  |   76.29881 |   50000   |  11.11 |
+---+------------+------------+-----------+--------+
| 4 |  2.134554  |   75.50233 |   50500   |  10.59 |
+---+------------+------------+-----------+--------+
| 4 |  2.054982  |   76.34930 |   51000   |   9.70 |
+---+------------+------------+-----------+--------+
| 4 |  2.132980  |   76.16563 |   51500   |   8.84 |
+---+------------+------------+-----------+--------+
| 4 |  2.044111  |   76.63148 |   52000   |   8.46 |
+---+------------+------------+-----------+--------+
| 4 |  2.035772  |   76.44020 |   52500   |   8.92 |
+---+------------+------------+-----------+--------+
| 4 |  2.059490  |   77.15742 |   53000   |   8.61 |
+---+------------+------------+-----------+--------+
| 4 |  2.139791  |   75.54699 |   53500   |   9.30 |
+---+------------+------------+-----------+--------+
| 4 |  2.097351  |   75.71558 |   54000   |  10.25 |
+---+------------+------------+-----------+--------+
| 4 |  1.937149  |   77.49517 |   54500   |   9.08 |
+---+------------+------------+-----------+--------+
| 4 |  2.010783  |   76.89859 |   55000   |  10.45 |
+---+------------+------------+-----------+--------+
| 4 |  2.058550  |   77.24428 |   55500   |   8.87 |
+---+------------+------------+-----------+--------+
| 4 |  2.063570  |   75.20390 |   56000   |  10.23 |
+---+------------+------------+-----------+--------+
| 4 |  1.968402  |   77.21004 |   56500   |  10.63 |
+---+------------+------------+-----------+--------+
| 4 |  2.056518  |   77.16084 |   57000   |  10.40 |
+---+------------+------------+-----------+--------+
| 4 |  1.949518  |   77.93369 |   57500   |   9.89 |
+---+------------+------------+-----------+--------+
| 4 |  1.937234  |   78.09913 |   58000   |  10.39 |
+---+------------+------------+-----------+--------+
| 4 |  2.102224  |   75.88749 |   58500   |  10.31 |
+---+------------+------------+-----------+--------+
| 4 |  1.889800  |   77.75402 |   59000   |  10.13 |
+---+------------+------------+-----------+--------+
| 4 |  2.340609  |   75.31603 |   59500   |   9.90 |
+---+------------+------------+-----------+--------+
| 5 |  1.929851  |   77.56680 |   60000   |   9.97 |
+---+------------+------------+-----------+--------+
| 5 |  1.916491  |   78.28604 |   60500   |  10.11 |
+---+------------+------------+-----------+--------+
| 5 |  2.042193  |   77.11336 |   61000   |  10.58 |
+---+------------+------------+-----------+--------+
| 5 |  1.925262  |   78.60371 |   61500   |  10.92 |
+---+------------+------------+-----------+--------+
| 5 |  2.034514  |   78.31638 |   62000   |  10.32 |
+---+------------+------------+-----------+--------+
| 5 |  1.987866  |   78.93849 |   62500   |  10.30 |
+---+------------+------------+-----------+--------+
| 5 |  1.959094  |   78.05650 |   63000   |  10.07 |
+---+------------+------------+-----------+--------+
| 5 |  1.907430  |   78.97471 |   63500   |  10.32 |
+---+------------+------------+-----------+--------+
| 5 |  1.923061  |   79.32442 |   64000   |  10.30 |
+---+------------+------------+-----------+--------+
| 5 |  1.898893  |   79.17709 |   64500   |   9.94 |
+---+------------+------------+-----------+--------+
| 5 |  1.944750  |   77.86364 |   65000   |  10.06 |
+---+------------+------------+-----------+--------+
| 5 |  1.838600  |   79.01053 |   65500   |  10.22 |
+---+------------+------------+-----------+--------+
| 5 |  1.813135  |   79.92811 |   66000   |  10.40 |
+---+------------+------------+-----------+--------+
| 5 |  1.851363  |   79.21220 |   66500   |  10.58 |
+---+------------+------------+-----------+--------+
| 5 |  1.833952  |   79.05789 |   67000   |   9.97 |
+---+------------+------------+-----------+--------+
| 5 |  1.946663  |   78.11574 |   67500   |   9.26 |
+---+------------+------------+-----------+--------+
| 5 |  1.903908  |   79.72866 |   68000   |   9.42 |
+---+------------+------------+-----------+--------+
| 5 |  1.873572  |   80.13831 |   68500   |   9.27 |
+---+------------+------------+-----------+--------+
| 5 |  1.903094  |   78.72365 |   69000   |   9.46 |
+---+------------+------------+-----------+--------+
| 5 |  1.849720  |   79.33697 |   69500   |   9.48 |
+---+------------+------------+-----------+--------+
| 5 |  1.914018  |   78.99311 |   70000   |   9.27 |
+---+------------+------------+-----------+--------+
| 5 |  1.897105  |   79.39216 |   70500   |   9.16 |
+---+------------+------------+-----------+--------+
| 5 |  1.960194  |   78.69302 |   71000   |   9.31 |
+---+------------+------------+-----------+--------+
| 5 |  2.000812  |   78.17716 |   71500   |   9.28 |
+---+------------+------------+-----------+--------+
| 5 |  1.904522  |   78.43249 |   72000   |   9.30 |
+---+------------+------------+-----------+--------+
| 5 |  1.957232  |   79.43351 |   72500   |   9.28 |
+---+------------+------------+-----------+--------+
| 5 |  1.932601  |   79.95262 |   73000   |   9.22 |
+---+------------+------------+-----------+--------+
| 5 |  1.900675  |   79.34452 |   73500   |   9.58 |
+---+------------+------------+-----------+--------+
| 5 |  1.917689  |   79.35608 |   74000   |   9.39 |
+---+------------+------------+-----------+--------+
| 5 |  1.927934  |   78.81673 |   74500   |   9.62 |
+---+------------+------------+-----------+--------+
| 5 |  1.869457  |   79.64742 |   74935   |   9.45 |
+---+------------+------------+-----------+--------+

Finished training in 2343.06s