task:			pos
epochs:			5
embed_dim:		64
repr_dim:		64
lstm_dim1:		32
lstm_dim2:		32
representor:		c

learning_rate:		0.0005
Training...
This may take a while

+---+------------+------------+-----------+--------+
| i |  dev_loss  |  dev_accu  | sentences |  time  |
+---+------------+------------+-----------+--------+
| 1 |  68.327955  |   18.67443 |     500   |   4.23 |
+---+------------+------------+-----------+--------+
| 1 |  62.626953  |   30.46211 |    1000   |   4.65 |
+---+------------+------------+-----------+--------+
| 1 |  47.375256  |   47.03585 |    1500   |   6.08 |
+---+------------+------------+-----------+--------+
| 1 |  39.045907  |   52.58201 |    2000   |   5.34 |
+---+------------+------------+-----------+--------+
| 1 |  32.264798  |   62.97897 |    2500   |   4.49 |
+---+------------+------------+-----------+--------+
| 1 |  26.877286  |   71.43603 |    3000   |   4.20 |
+---+------------+------------+-----------+--------+
| 1 |  22.374488  |   76.58753 |    3500   |   4.24 |
+---+------------+------------+-----------+--------+
| 1 |  19.017086  |   81.36733 |    4000   |   4.24 |
+---+------------+------------+-----------+--------+
| 1 |  16.568387  |   82.78519 |    4500   |   4.25 |
+---+------------+------------+-----------+--------+
| 1 |  14.389572  |   84.87544 |    5000   |   4.22 |
+---+------------+------------+-----------+--------+
| 1 |  13.018542  |   86.24319 |    5500   |   4.20 |
+---+------------+------------+-----------+--------+
| 1 |  11.917295  |   86.99075 |    6000   |   4.19 |
+---+------------+------------+-----------+--------+
| 1 |  11.020337  |   88.23947 |    6500   |   4.22 |
+---+------------+------------+-----------+--------+
| 1 |  10.436621  |   88.70722 |    7000   |   4.27 |
+---+------------+------------+-----------+--------+
| 1 |  9.809577  |   89.33784 |    7500   |   4.27 |
+---+------------+------------+-----------+--------+
| 1 |  9.073435  |   90.18355 |    8000   |   4.27 |
+---+------------+------------+-----------+--------+
| 1 |  8.721243  |   90.31510 |    8500   |   4.19 |
+---+------------+------------+-----------+--------+
| 1 |  8.354547  |   90.89144 |    9000   |   4.26 |
+---+------------+------------+-----------+--------+
| 1 |  7.991090  |   91.09816 |    9500   |   4.21 |
+---+------------+------------+-----------+--------+
| 1 |  7.704871  |   91.42809 |   10000   |   4.22 |
+---+------------+------------+-----------+--------+
| 1 |  7.473234  |   91.73714 |   10500   |   4.26 |
+---+------------+------------+-----------+--------+
| 1 |  7.164395  |   91.90002 |   11000   |   4.28 |
+---+------------+------------+-----------+--------+
| 1 |  7.212953  |   91.97519 |   11500   |   4.23 |
+---+------------+------------+-----------+--------+
| 1 |  6.761476  |   92.18610 |   12000   |   4.20 |
+---+------------+------------+-----------+--------+
| 1 |  6.686298  |   92.39074 |   12500   |   4.27 |
+---+------------+------------+-----------+--------+
| 1 |  6.792159  |   92.20907 |   13000   |   4.19 |
+---+------------+------------+-----------+--------+
| 1 |  6.286656  |   92.85640 |   13500   |   4.27 |
+---+------------+------------+-----------+--------+
| 1 |  6.396308  |   92.82507 |   14000   |   4.25 |
+---+------------+------------+-----------+--------+
| 1 |  6.374675  |   92.80419 |   14500   |   4.21 |
+---+------------+------------+-----------+--------+
| 1 |  6.135883  |   92.99839 |   15000   |   4.20 |
+---+------------+------------+-----------+--------+
| 1 |  5.966186  |   93.06730 |   15500   |   4.22 |
+---+------------+------------+-----------+--------+
| 1 |  5.947450  |   93.19677 |   16000   |   4.27 |
+---+------------+------------+-----------+--------+
| 1 |  5.997132  |   93.24897 |   16500   |   4.22 |
+---+------------+------------+-----------+--------+
| 1 |  6.008566  |   93.28238 |   17000   |   4.26 |
+---+------------+------------+-----------+--------+
| 1 |  5.910476  |   93.44526 |   17500   |   4.22 |
+---+------------+------------+-----------+--------+
| 1 |  5.806654  |   93.50999 |   18000   |   4.27 |
+---+------------+------------+-----------+--------+
| 1 |  5.928298  |   93.48702 |   18500   |   4.24 |
+---+------------+------------+-----------+--------+
| 1 |  5.454214  |   93.74804 |   19000   |   4.31 |
+---+------------+------------+-----------+--------+
| 1 |  5.332853  |   93.80025 |   19500   |   4.17 |
+---+------------+------------+-----------+--------+
| 1 |  5.516467  |   93.73134 |   20000   |   4.23 |
+---+------------+------------+-----------+--------+
| 1 |  5.551463  |   93.82739 |   20500   |   4.27 |
+---+------------+------------+-----------+--------+
| 1 |  5.308150  |   93.76892 |   21000   |   4.27 |
+---+------------+------------+-----------+--------+
| 1 |  5.247931  |   93.90883 |   21500   |   4.21 |
+---+------------+------------+-----------+--------+
| 1 |  5.192579  |   93.86707 |   22000   |   4.27 |
+---+------------+------------+-----------+--------+
| 1 |  5.552318  |   93.82948 |   22500   |   4.19 |
+---+------------+------------+-----------+--------+
| 1 |  5.434528  |   93.95686 |   23000   |   4.25 |
+---+------------+------------+-----------+--------+
| 1 |  5.600723  |   93.71463 |   23500   |   4.20 |
+---+------------+------------+-----------+--------+
| 1 |  5.634651  |   93.79189 |   24000   |   4.25 |
+---+------------+------------+-----------+--------+
| 1 |  5.483038  |   94.00697 |   24500   |   4.21 |
+---+------------+------------+-----------+--------+
| 1 |  5.205434  |   94.11556 |   25000   |   4.22 |
+---+------------+------------+-----------+--------+
| 1 |  5.162092  |   94.12809 |   25500   |   4.25 |
+---+------------+------------+-----------+--------+
| 1 |  5.092456  |   94.26382 |   26000   |   4.26 |
+---+------------+------------+-----------+--------+
| 1 |  4.917044  |   94.31602 |   26500   |   4.26 |
+---+------------+------------+-----------+--------+
| 1 |  5.157080  |   94.17612 |   27000   |   4.25 |
+---+------------+------------+-----------+--------+
| 1 |  5.425763  |   94.15941 |   27500   |   4.25 |
+---+------------+------------+-----------+--------+
| 1 |  5.142066  |   94.24920 |   28000   |   4.27 |
+---+------------+------------+-----------+--------+
| 1 |  5.319626  |   94.27426 |   28500   |   4.24 |
+---+------------+------------+-----------+--------+
| 1 |  5.525692  |   94.14062 |   29000   |   4.28 |
+---+------------+------------+-----------+--------+
| 1 |  5.044232  |   94.37867 |   29500   |   4.27 |
+---+------------+------------+-----------+--------+
| 1 |  4.980363  |   94.53737 |   30000   |   4.23 |
+---+------------+------------+-----------+--------+
| 1 |  4.954392  |   94.53737 |   30500   |   4.24 |
+---+------------+------------+-----------+--------+
| 1 |  4.881525  |   94.43087 |   31000   |   4.36 |
+---+------------+------------+-----------+--------+
| 1 |  4.750831  |   94.58331 |   31500   |   4.21 |
+---+------------+------------+-----------+--------+
| 1 |  5.007172  |   94.54363 |   32000   |   4.26 |
+---+------------+------------+-----------+--------+
| 1 |  5.340863  |   94.33899 |   32500   |   4.43 |
+---+------------+------------+-----------+--------+
| 1 |  4.878037  |   94.58540 |   33000   |   4.53 |
+---+------------+------------+-----------+--------+
| 1 |  5.057417  |   94.46428 |   33500   |   4.50 |
+---+------------+------------+-----------+--------+
| 1 |  5.106292  |   94.46428 |   34000   |   4.68 |
+---+------------+------------+-----------+--------+
| 1 |  4.863566  |   94.53110 |   34500   |   4.43 |
+---+------------+------------+-----------+--------+
| 1 |  4.850117  |   94.55198 |   35000   |   4.45 |
+---+------------+------------+-----------+--------+
| 1 |  4.915515  |   94.55616 |   35500   |   4.75 |
+---+------------+------------+-----------+--------+
| 1 |  4.904720  |   94.62925 |   36000   |   4.15 |
+---+------------+------------+-----------+--------+
| 1 |  4.637262  |   94.77959 |   36500   |   4.30 |
+---+------------+------------+-----------+--------+
| 1 |  4.701427  |   94.68980 |   37000   |   4.24 |
+---+------------+------------+-----------+--------+
| 1 |  4.592978  |   94.83180 |   37500   |   4.29 |
+---+------------+------------+-----------+--------+
| 2 |  4.585661  |   94.86521 |   38000   |   4.29 |
+---+------------+------------+-----------+--------+
| 2 |  4.724997  |   94.65639 |   38500   |   4.30 |
+---+------------+------------+-----------+--------+
| 2 |  4.651765  |   94.88400 |   39000   |   4.27 |
+---+------------+------------+-----------+--------+
| 2 |  4.911600  |   94.70233 |   39500   |   4.28 |
+---+------------+------------+-----------+--------+
| 2 |  4.655753  |   94.76707 |   40000   |   4.31 |
+---+------------+------------+-----------+--------+
| 2 |  4.750128  |   94.80048 |   40500   |   4.23 |
+---+------------+------------+-----------+--------+
| 2 |  4.708848  |   94.86730 |   41000   |   4.28 |
+---+------------+------------+-----------+--------+
| 2 |  4.674755  |   94.83389 |   41500   |   4.22 |
+---+------------+------------+-----------+--------+
| 2 |  5.096703  |   94.68980 |   42000   |   4.28 |
+---+------------+------------+-----------+--------+
| 2 |  4.649250  |   94.80674 |   42500   |   4.17 |
+---+------------+------------+-----------+--------+
| 2 |  4.903771  |   94.65848 |   43000   |   4.26 |
+---+------------+------------+-----------+--------+
| 2 |  4.875209  |   94.76080 |   43500   |   4.30 |
+---+------------+------------+-----------+--------+
| 2 |  4.893684  |   94.74618 |   44000   |   4.26 |
+---+------------+------------+-----------+--------+
| 2 |  4.715145  |   94.66683 |   44500   |   4.22 |
+---+------------+------------+-----------+--------+
| 2 |  4.750469  |   94.79004 |   45000   |   4.32 |
+---+------------+------------+-----------+--------+
| 2 |  5.047261  |   94.53946 |   45500   |   4.28 |
+---+------------+------------+-----------+--------+
| 2 |  4.907279  |   94.80674 |   46000   |   4.22 |
+---+------------+------------+-----------+--------+
| 2 |  4.902797  |   94.60419 |   46500   |   4.20 |
+---+------------+------------+-----------+--------+
| 2 |  5.168401  |   94.62089 |   47000   |   4.24 |
+---+------------+------------+-----------+--------+
| 2 |  4.757341  |   94.79212 |   47500   |   4.19 |
+---+------------+------------+-----------+--------+
| 2 |  4.958050  |   94.81092 |   48000   |   4.25 |
+---+------------+------------+-----------+--------+
| 2 |  4.686491  |   94.95918 |   48500   |   4.60 |
+---+------------+------------+-----------+--------+
| 2 |  4.779915  |   94.76915 |   49000   |   4.59 |
+---+------------+------------+-----------+--------+
| 2 |  4.800134  |   94.74201 |   49500   |   4.16 |
+---+------------+------------+-----------+--------+
| 2 |  5.064833  |   94.74410 |   50000   |   4.18 |
+---+------------+------------+-----------+--------+
| 2 |  5.026461  |   94.68772 |   50500   |   4.19 |
+---+------------+------------+-----------+--------+
| 2 |  4.814292  |   94.87983 |   51000   |   4.24 |
+---+------------+------------+-----------+--------+
| 2 |  4.931654  |   94.80256 |   51500   |   4.14 |
+---+------------+------------+-----------+--------+
| 2 |  4.867271  |   94.84642 |   52000   |   4.13 |
+---+------------+------------+-----------+--------+
| 2 |  4.824261  |   94.81927 |   52500   |   4.12 |
+---+------------+------------+-----------+--------+
| 2 |  4.730408  |   95.02809 |   53000   |   4.14 |
+---+------------+------------+-----------+--------+
| 2 |  4.908151  |   94.87356 |   53500   |   4.17 |
+---+------------+------------+-----------+--------+
| 2 |  4.551392  |   95.06985 |   54000   |   4.19 |
+---+------------+------------+-----------+--------+
| 2 |  4.690413  |   95.03853 |   54500   |   4.15 |
+---+------------+------------+-----------+--------+
| 2 |  4.645695  |   94.99468 |   55000   |   4.15 |
+---+------------+------------+-----------+--------+
| 2 |  4.595239  |   95.00303 |   55500   |   4.15 |
+---+------------+------------+-----------+--------+
| 2 |  4.605034  |   95.07611 |   56000   |   4.17 |
+---+------------+------------+-----------+--------+
| 2 |  4.949540  |   94.93621 |   56500   |   4.12 |
+---+------------+------------+-----------+--------+
| 2 |  4.636512  |   95.13876 |   57000   |   4.21 |
+---+------------+------------+-----------+--------+
| 2 |  4.776145  |   95.05523 |   57500   |   4.18 |
+---+------------+------------+-----------+--------+
| 2 |  4.615042  |   95.11579 |   58000   |   4.18 |
+---+------------+------------+-----------+--------+
| 2 |  4.705190  |   95.06776 |   58500   |   4.17 |
+---+------------+------------+-----------+--------+
| 2 |  4.656807  |   95.04897 |   59000   |   4.15 |
+---+------------+------------+-----------+--------+
| 2 |  4.799399  |   95.03226 |   59500   |   4.22 |
+---+------------+------------+-----------+--------+
| 2 |  4.835500  |   94.92368 |   60000   |   4.17 |
+---+------------+------------+-----------+--------+
| 2 |  4.659283  |   95.07611 |   60500   |   4.13 |
+---+------------+------------+-----------+--------+
| 2 |  4.786251  |   95.13876 |   61000   |   4.21 |
+---+------------+------------+-----------+--------+
| 2 |  4.615559  |   95.12832 |   61500   |   4.13 |
+---+------------+------------+-----------+--------+
| 2 |  4.926865  |   95.00720 |   62000   |   4.20 |
+---+------------+------------+-----------+--------+
| 2 |  4.952826  |   94.91950 |   62500   |   4.19 |
+---+------------+------------+-----------+--------+
| 2 |  4.734589  |   95.02391 |   63000   |   4.13 |
+---+------------+------------+-----------+--------+
| 2 |  4.746050  |   95.05523 |   63500   |   4.06 |
+---+------------+------------+-----------+--------+
| 2 |  4.986157  |   95.02809 |   64000   |   4.17 |
+---+------------+------------+-----------+--------+
| 2 |  5.054497  |   94.97171 |   64500   |   4.17 |
+---+------------+------------+-----------+--------+
| 2 |  4.934593  |   95.04270 |   65000   |   4.16 |
+---+------------+------------+-----------+--------+
| 2 |  5.033856  |   95.05732 |   65500   |   4.14 |
+---+------------+------------+-----------+--------+
| 2 |  4.924887  |   95.07194 |   66000   |   4.17 |
+---+------------+------------+-----------+--------+
| 2 |  4.982624  |   95.04688 |   66500   |   4.14 |
+---+------------+------------+-----------+--------+
| 2 |  4.318729  |   95.21393 |   67000   |   4.20 |
+---+------------+------------+-----------+--------+
| 2 |  4.821672  |   95.09282 |   67500   |   4.13 |
+---+------------+------------+-----------+--------+
| 2 |  4.649805  |   95.01973 |   68000   |   4.19 |
+---+------------+------------+-----------+--------+
| 2 |  4.499485  |   95.10535 |   68500   |   4.20 |
+---+------------+------------+-----------+--------+
| 2 |  4.789022  |   95.02600 |   69000   |   4.17 |
+---+------------+------------+-----------+--------+
| 2 |  4.884145  |   95.02182 |   69500   |   4.18 |
+---+------------+------------+-----------+--------+
| 2 |  4.668198  |   95.16382 |   70000   |   4.12 |
+---+------------+------------+-----------+--------+
| 2 |  4.678962  |   95.19096 |   70500   |   4.16 |
+---+------------+------------+-----------+--------+
| 2 |  4.479253  |   95.21602 |   71000   |   4.15 |
+---+------------+------------+-----------+--------+
| 2 |  4.571832  |   95.10326 |   71500   |   4.17 |
+---+------------+------------+-----------+--------+
| 2 |  4.464426  |   95.14920 |   72000   |   4.13 |
+---+------------+------------+-----------+--------+
| 2 |  4.316514  |   95.34340 |   72500   |   4.13 |
+---+------------+------------+-----------+--------+
| 2 |  4.709250  |   95.13458 |   73000   |   4.13 |
+---+------------+------------+-----------+--------+
| 2 |  4.755036  |   95.09491 |   73500   |   4.17 |
+---+------------+------------+-----------+--------+
| 2 |  4.431317  |   95.21811 |   74000   |   4.18 |
+---+------------+------------+-----------+--------+
| 2 |  4.409057  |   95.27031 |   74500   |   4.10 |
+---+------------+------------+-----------+--------+
| 2 |  4.444348  |   95.35175 |   75000   |   4.33 |
+---+------------+------------+-----------+--------+
| 2 |  4.566567  |   95.21602 |   75500   |   5.23 |
+---+------------+------------+-----------+--------+
| 3 |  4.584435  |   95.20767 |   76000   |   4.32 |
+---+------------+------------+-----------+--------+
| 3 |  4.640697  |   95.17426 |   76500   |   4.18 |
+---+------------+------------+-----------+--------+
| 3 |  4.706308  |   95.12205 |   77000   |   4.14 |
+---+------------+------------+-----------+--------+
| 3 |  4.760397  |   95.11579 |   77500   |   4.17 |
+---+------------+------------+-----------+--------+
| 3 |  4.863112  |   95.22646 |   78000   |   4.20 |
+---+------------+------------+-----------+--------+
| 3 |  4.635479  |   95.21602 |   78500   |   4.18 |
+---+------------+------------+-----------+--------+
| 3 |  4.769251  |   95.08238 |   79000   |   4.31 |
+---+------------+------------+-----------+--------+
| 3 |  4.840325  |   95.21184 |   79500   |   4.29 |
+---+------------+------------+-----------+--------+
| 3 |  4.839895  |   95.13667 |   80000   |   4.39 |
+---+------------+------------+-----------+--------+
| 3 |  5.279302  |   95.02182 |   80500   |   4.86 |
+---+------------+------------+-----------+--------+
| 3 |  4.680543  |   95.16173 |   81000   |   4.86 |
+---+------------+------------+-----------+--------+
| 3 |  4.883348  |   95.23899 |   81500   |   4.85 |
+---+------------+------------+-----------+--------+
| 3 |  4.604668  |   95.29955 |   82000   |   4.73 |
+---+------------+------------+-----------+--------+
| 3 |  4.556599  |   95.33087 |   82500   |   4.66 |
+---+------------+------------+-----------+--------+
| 3 |  4.545496  |   95.35593 |   83000   |   4.71 |
+---+------------+------------+-----------+--------+
| 3 |  4.919548  |   95.18052 |   83500   |   4.68 |
+---+------------+------------+-----------+--------+
| 3 |  4.786900  |   95.20976 |   84000   |   4.64 |
+---+------------+------------+-----------+--------+
| 3 |  4.600200  |   95.31208 |   84500   |   4.66 |
+---+------------+------------+-----------+--------+
| 3 |  4.608786  |   95.31834 |   85000   |   4.66 |
+---+------------+------------+-----------+--------+
| 3 |  5.111573  |   95.11579 |   85500   |   4.73 |
+---+------------+------------+-----------+--------+
| 3 |  4.559870  |   95.28911 |   86000   |   4.63 |
+---+------------+------------+-----------+--------+
| 3 |  4.655016  |   95.33713 |   86500   |   4.64 |
+---+------------+------------+-----------+--------+
| 3 |  5.220608  |   95.15546 |   87000   |   4.72 |
+---+------------+------------+-----------+--------+
| 3 |  4.893443  |   95.25570 |   87500   |   4.69 |
+---+------------+------------+-----------+--------+
| 3 |  4.785640  |   95.30372 |   88000   |   4.66 |
+---+------------+------------+-----------+--------+
| 3 |  4.979035  |   95.13667 |   88500   |   4.75 |
+---+------------+------------+-----------+--------+
| 3 |  5.041966  |   95.19723 |   89000   |   4.77 |
+---+------------+------------+-----------+--------+
| 3 |  4.732166  |   95.18887 |   89500   |   4.68 |
+---+------------+------------+-----------+--------+
| 3 |  4.674059  |   95.20349 |   90000   |   5.14 |
+---+------------+------------+-----------+--------+
| 3 |  4.627746  |   95.23064 |   90500   |   4.66 |
+---+------------+------------+-----------+--------+
| 3 |  4.919408  |   95.16799 |   91000   |   4.65 |
+---+------------+------------+-----------+--------+
| 3 |  4.717175  |   95.23273 |   91500   |   4.72 |
+---+------------+------------+-----------+--------+
| 3 |  4.603207  |   95.30999 |   92000   |   4.83 |
+---+------------+------------+-----------+--------+
| 3 |  4.470907  |   95.31416 |   92500   |   4.63 |
+---+------------+------------+-----------+--------+
| 3 |  5.154457  |   94.99468 |   93000   |   4.70 |
+---+------------+------------+-----------+--------+
| 3 |  4.757575  |   95.19514 |   93500   |   4.67 |
+---+------------+------------+-----------+--------+
| 3 |  4.657099  |   95.24525 |   94000   |   4.61 |
+---+------------+------------+-----------+--------+
| 3 |  4.657790  |   95.18470 |   94500   |   4.62 |
+---+------------+------------+-----------+--------+
| 3 |  4.529096  |   95.28284 |   95000   |   4.88 |
+---+------------+------------+-----------+--------+
| 3 |  4.667539  |   95.25570 |   95500   |   4.69 |
+---+------------+------------+-----------+--------+
| 3 |  4.713783  |   95.31416 |   96000   |   4.75 |
+---+------------+------------+-----------+--------+
| 3 |  4.757678  |   95.25152 |   96500   |   4.63 |
+---+------------+------------+-----------+--------+
| 3 |  4.541908  |   95.36010 |   97000   |   4.67 |
+---+------------+------------+-----------+--------+
| 3 |  4.464423  |   95.50001 |   97500   |   4.74 |
+---+------------+------------+-----------+--------+
| 3 |  4.781349  |   95.25152 |   98000   |   5.31 |
+---+------------+------------+-----------+--------+
| 3 |  4.671434  |   95.27867 |   98500   |   4.66 |
+---+------------+------------+-----------+--------+
| 3 |  4.752849  |   95.32878 |   99000   |   4.85 |
+---+------------+------------+-----------+--------+
| 3 |  4.719339  |   95.26405 |   99500   |   4.69 |
+---+------------+------------+-----------+--------+
| 3 |  4.737656  |   95.26405 |   100000   |   4.63 |
+---+------------+------------+-----------+--------+
| 3 |  4.854115  |   95.30164 |   100500   |   4.69 |
+---+------------+------------+-----------+--------+
| 3 |  4.843043  |   95.38516 |   101000   |   4.72 |
+---+------------+------------+-----------+--------+
| 3 |  4.690781  |   95.44363 |   101500   |   4.88 |
+---+------------+------------+-----------+--------+
| 3 |  4.548173  |   95.34966 |   102000   |   4.87 |
+---+------------+------------+-----------+--------+
| 3 |  4.593113  |   95.47913 |   102500   |   4.79 |
+---+------------+------------+-----------+--------+
| 3 |  4.698851  |   95.30372 |   103000   |   4.73 |
+---+------------+------------+-----------+--------+
| 3 |  4.703119  |   95.34340 |   103500   |   4.67 |
+---+------------+------------+-----------+--------+
| 3 |  4.746405  |   95.30581 |   104000   |   4.68 |
+---+------------+------------+-----------+--------+
| 3 |  4.692501  |   95.36428 |   104500   |   4.82 |
+---+------------+------------+-----------+--------+
| 3 |  4.780651  |   95.29328 |   105000   |   5.45 |
+---+------------+------------+-----------+--------+
| 3 |  4.503801  |   95.39978 |   105500   |   5.57 |
+---+------------+------------+-----------+--------+
| 3 |  4.698408  |   95.38516 |   106000   |   5.77 |
+---+------------+------------+-----------+--------+
| 3 |  4.728825  |   95.40187 |   106500   |   6.31 |
+---+------------+------------+-----------+--------+
| 3 |  4.655336  |   95.36846 |   107000   |   6.08 |
+---+------------+------------+-----------+--------+
| 3 |  4.979604  |   95.15964 |   107500   |   5.92 |
+---+------------+------------+-----------+--------+
| 3 |  4.454302  |   95.48957 |   108000   |   5.85 |
+---+------------+------------+-----------+--------+
| 3 |  4.601101  |   95.39560 |   108500   |   6.01 |
+---+------------+------------+-----------+--------+
| 3 |  4.970310  |   95.30999 |   109000   |   5.92 |
+---+------------+------------+-----------+--------+
| 3 |  4.704682  |   95.34131 |   109500   |   6.01 |
+---+------------+------------+-----------+--------+
| 3 |  4.753359  |   95.36846 |   110000   |   6.89 |
+---+------------+------------+-----------+--------+
| 3 |  4.527750  |   95.54804 |   110500   |   6.58 |
+---+------------+------------+-----------+--------+
| 3 |  4.609929  |   95.30164 |   111000   |   7.04 |
+---+------------+------------+-----------+--------+
| 3 |  5.046979  |   95.27240 |   111500   |   6.46 |
+---+------------+------------+-----------+--------+
| 3 |  4.595709  |   95.48539 |   112000   |   6.85 |
+---+------------+------------+-----------+--------+
| 3 |  4.798501  |   95.33505 |   112500   |   6.73 |
+---+------------+------------+-----------+--------+
| 3 |  4.801778  |   95.32252 |   113000   |   7.40 |
+---+------------+------------+-----------+--------+
| 4 |  4.578984  |   95.50836 |   113500   |   6.09 |
+---+------------+------------+-----------+--------+
| 4 |  4.765630  |   95.25570 |   114000   |   6.15 |
+---+------------+------------+-----------+--------+
| 4 |  4.865107  |   95.28075 |   114500   |   6.95 |
+---+------------+------------+-----------+--------+
| 4 |  4.957215  |   95.27658 |   115000   |   6.48 |
+---+------------+------------+-----------+--------+
| 4 |  5.015718  |   95.19514 |   115500   |   6.17 |
+---+------------+------------+-----------+--------+
| 4 |  4.858519  |   95.41231 |   116000   |   5.89 |
+---+------------+------------+-----------+--------+
| 4 |  4.704204  |   95.54386 |   116500   |   6.38 |
+---+------------+------------+-----------+--------+
| 4 |  5.029320  |   95.31834 |   117000   |   6.09 |
+---+------------+------------+-----------+--------+
| 4 |  4.866695  |   95.43110 |   117500   |   6.03 |
+---+------------+------------+-----------+--------+
| 4 |  4.724025  |   95.47078 |   118000   |   5.90 |
+---+------------+------------+-----------+--------+
| 4 |  4.610343  |   95.53760 |   118500   |   6.05 |
+---+------------+------------+-----------+--------+
| 4 |  4.744252  |   95.59189 |   119000   |   6.18 |
+---+------------+------------+-----------+--------+
| 4 |  4.692423  |   95.52298 |   119500   |   5.82 |
+---+------------+------------+-----------+--------+
| 4 |  5.071891  |   95.32878 |   120000   |   5.96 |
+---+------------+------------+-----------+--------+
| 4 |  4.588692  |   95.54177 |   120500   |   6.54 |
+---+------------+------------+-----------+--------+
| 4 |  4.769049  |   95.44363 |   121000   |   6.25 |
+---+------------+------------+-----------+--------+
| 4 |  5.230694  |   95.29746 |   121500   |   6.08 |
+---+------------+------------+-----------+--------+
| 4 |  4.746535  |   95.48122 |   122000   |   6.15 |
+---+------------+------------+-----------+--------+
| 4 |  4.934467  |   95.37681 |   122500   |   6.14 |
+---+------------+------------+-----------+--------+
| 4 |  4.720748  |   95.54177 |   123000   |   5.94 |
+---+------------+------------+-----------+--------+
| 4 |  4.749303  |   95.39143 |   123500   |   6.19 |
+---+------------+------------+-----------+--------+
| 4 |  4.943703  |   95.30790 |   124000   |   6.06 |
+---+------------+------------+-----------+--------+
| 4 |  5.257934  |   95.32252 |   124500   |   5.94 |
+---+------------+------------+-----------+--------+
| 4 |  5.047450  |   95.31625 |   125000   |   6.37 |
+---+------------+------------+-----------+--------+
| 4 |  5.306167  |   95.20976 |   125500   |   6.39 |
+---+------------+------------+-----------+--------+
| 4 |  4.941484  |   95.35384 |   126000   |   6.54 |
+---+------------+------------+-----------+--------+
| 4 |  4.968236  |   95.36428 |   126500   |   6.39 |
+---+------------+------------+-----------+--------+
| 4 |  5.250505  |   95.28911 |   127000   |   6.48 |
+---+------------+------------+-----------+--------+
| 4 |  5.728912  |   95.13667 |   127500   |   6.64 |
+---+------------+------------+-----------+--------+
| 4 |  4.981482  |   95.35175 |   128000   |   6.69 |
+---+------------+------------+-----------+--------+
| 4 |  5.417758  |   95.23899 |   128500   |   6.36 |
+---+------------+------------+-----------+--------+
| 4 |  4.811727  |   95.40604 |   129000   |   6.21 |
+---+------------+------------+-----------+--------+
| 4 |  4.889688  |   95.44363 |   129500   |   5.92 |
+---+------------+------------+-----------+--------+
| 4 |  4.625653  |   95.46034 |   130000   |   6.58 |
+---+------------+------------+-----------+--------+
| 4 |  4.675327  |   95.46660 |   130500   |   6.44 |
+---+------------+------------+-----------+--------+
| 4 |  4.978168  |   95.42692 |   131000   |   6.57 |
+---+------------+------------+-----------+--------+
| 4 |  4.795237  |   95.45198 |   131500   |   6.25 |
+---+------------+------------+-----------+--------+
| 4 |  4.977720  |   95.40187 |   132000   |   6.44 |
+---+------------+------------+-----------+--------+
| 4 |  4.925101  |   95.41648 |   132500   |   6.11 |
+---+------------+------------+-----------+--------+
| 4 |  4.832313  |   95.45616 |   133000   |   6.44 |
+---+------------+------------+-----------+--------+
| 4 |  4.917702  |   95.41857 |   133500   |   6.74 |
+---+------------+------------+-----------+--------+
| 4 |  5.035592  |   95.40187 |   134000   |   6.42 |
+---+------------+------------+-----------+--------+
| 4 |  5.171631  |   95.28911 |   134500   |   6.40 |
+---+------------+------------+-----------+--------+
| 4 |  5.065752  |   95.28702 |   135000   |   6.26 |
+---+------------+------------+-----------+--------+
| 4 |  5.018400  |   95.44154 |   135500   |   6.48 |
+---+------------+------------+-----------+--------+
| 4 |  4.908308  |   95.37890 |   136000   |   6.80 |
+---+------------+------------+-----------+--------+
| 4 |  4.658832  |   95.41022 |   136500   |   6.47 |
+---+------------+------------+-----------+--------+
| 4 |  4.849220  |   95.43528 |   137000   |   6.21 |
+---+------------+------------+-----------+--------+
| 4 |  4.957674  |   95.47913 |   137500   |   6.52 |
+---+------------+------------+-----------+--------+
| 4 |  4.608844  |   95.60233 |   138000   |   6.92 |
+---+------------+------------+-----------+--------+
| 4 |  4.646645  |   95.56266 |   138500   |   7.11 |
+---+------------+------------+-----------+--------+
| 4 |  4.907058  |   95.34757 |   139000   |   6.40 |
+---+------------+------------+-----------+--------+
| 4 |  4.792512  |   95.46242 |   139500   |   5.97 |
+---+------------+------------+-----------+--------+
| 4 |  4.943620  |   95.46451 |   140000   |   6.86 |
+---+------------+------------+-----------+--------+
| 4 |  4.800410  |   95.44781 |   140500   |   7.66 |
+---+------------+------------+-----------+--------+
| 4 |  4.843670  |   95.46451 |   141000   |   6.66 |
+---+------------+------------+-----------+--------+
| 4 |  4.735673  |   95.43737 |   141500   |   6.81 |
+---+------------+------------+-----------+--------+
| 4 |  4.640253  |   95.65245 |   142000   |   6.50 |
+---+------------+------------+-----------+--------+
| 4 |  4.640392  |   95.66289 |   142500   |   6.52 |
+---+------------+------------+-----------+--------+
| 4 |  4.995958  |   95.48957 |   143000   |   6.32 |
+---+------------+------------+-----------+--------+
| 4 |  4.770123  |   95.58354 |   143500   |   6.26 |
+---+------------+------------+-----------+--------+
| 4 |  5.010533  |   95.47704 |   144000   |   6.42 |
+---+------------+------------+-----------+--------+
| 4 |  5.261022  |   95.33296 |   144500   |   6.95 |
+---+------------+------------+-----------+--------+
| 4 |  4.896555  |   95.44154 |   145000   |   6.35 |
+---+------------+------------+-----------+--------+
| 4 |  5.219040  |   95.43319 |   145500   |   6.15 |
+---+------------+------------+-----------+--------+
| 4 |  4.804560  |   95.55013 |   146000   |   5.94 |
+---+------------+------------+-----------+--------+
| 4 |  5.026714  |   95.48539 |   146500   |   6.05 |
+---+------------+------------+-----------+--------+
| 4 |  4.676329  |   95.69630 |   147000   |   6.16 |
+---+------------+------------+-----------+--------+
| 4 |  5.053846  |   95.46034 |   147500   |   6.05 |
+---+------------+------------+-----------+--------+
| 4 |  4.758769  |   95.56892 |   148000   |   6.01 |
+---+------------+------------+-----------+--------+
| 4 |  4.952850  |   95.40813 |   148500   |   6.22 |
+---+------------+------------+-----------+--------+
| 4 |  5.003482  |   95.54177 |   149000   |   6.11 |
+---+------------+------------+-----------+--------+
| 4 |  4.867526  |   95.48957 |   149500   |   6.26 |
+---+------------+------------+-----------+--------+
| 4 |  4.795514  |   95.46242 |   150000   |   6.26 |
+---+------------+------------+-----------+--------+
| 4 |  4.761370  |   95.46034 |   150500   |   6.54 |
+---+------------+------------+-----------+--------+
| 4 |  5.101081  |   95.48331 |   151000   |   6.55 |
+---+------------+------------+-----------+--------+
| 5 |  5.150516  |   95.32460 |   151500   |   6.43 |
+---+------------+------------+-----------+--------+
| 5 |  5.118166  |   95.38307 |   152000   |   5.95 |
+---+------------+------------+-----------+--------+
| 5 |  5.307753  |   95.37681 |   152500   |   6.15 |
+---+------------+------------+-----------+--------+
| 5 |  4.996031  |   95.51045 |   153000   |   7.05 |
+---+------------+------------+-----------+--------+
| 5 |  5.207542  |   95.42901 |   153500   |   6.10 |
+---+------------+------------+-----------+--------+
| 5 |  5.144703  |   95.55639 |   154000   |   5.97 |
+---+------------+------------+-----------+--------+
| 5 |  4.846696  |   95.55013 |   154500   |   6.06 |
+---+------------+------------+-----------+--------+
| 5 |  4.890669  |   95.47704 |   155000   |   7.21 |
+---+------------+------------+-----------+--------+
| 5 |  4.915315  |   95.41648 |   155500   |   7.17 |
+---+------------+------------+-----------+--------+
| 5 |  5.249126  |   95.34131 |   156000   |   6.88 |
+---+------------+------------+-----------+--------+
| 5 |  5.140384  |   95.41857 |   156500   |   6.66 |
+---+------------+------------+-----------+--------+
| 5 |  5.188699  |   95.50419 |   157000   |   6.31 |
+---+------------+------------+-----------+--------+
| 5 |  4.923662  |   95.52298 |   157500   |   6.54 |
+---+------------+------------+-----------+--------+
| 5 |  5.179701  |   95.44363 |   158000   |   6.13 |
+---+------------+------------+-----------+--------+
| 5 |  5.161786  |   95.39351 |   158500   |   6.28 |
+---+------------+------------+-----------+--------+
| 5 |  5.009904  |   95.41022 |   159000   |   6.27 |
+---+------------+------------+-----------+--------+
| 5 |  5.117283  |   95.48957 |   159500   |   6.46 |
+---+------------+------------+-----------+--------+
| 5 |  4.940224  |   95.43737 |   160000   |   6.89 |
+---+------------+------------+-----------+--------+
| 5 |  4.864922  |   95.52298 |   160500   |   6.54 |
+---+------------+------------+-----------+--------+
| 5 |  4.925525  |   95.46034 |   161000   |   7.67 |
+---+------------+------------+-----------+--------+
| 5 |  5.531588  |   95.18679 |   161500   |   6.37 |
+---+------------+------------+-----------+--------+
| 5 |  5.023058  |   95.36219 |   162000   |   6.66 |
+---+------------+------------+-----------+--------+
| 5 |  5.023434  |   95.43110 |   162500   |   6.73 |
+---+------------+------------+-----------+--------+
| 5 |  5.240630  |   95.37263 |   163000   |   6.70 |
+---+------------+------------+-----------+--------+
| 5 |  5.073236  |   95.39560 |   163500   |   6.61 |
+---+------------+------------+-----------+--------+
| 5 |  5.136837  |   95.46034 |   164000   |   6.05 |
+---+------------+------------+-----------+--------+
| 5 |  4.983252  |   95.48122 |   164500   |   6.12 |
+---+------------+------------+-----------+--------+
| 5 |  4.858671  |   95.46451 |   165000   |   6.37 |
+---+------------+------------+-----------+--------+
| 5 |  4.952012  |   95.54804 |   165500   |   6.56 |
+---+------------+------------+-----------+--------+
| 5 |  4.861724  |   95.59815 |   166000   |   6.17 |
+---+------------+------------+-----------+--------+
| 5 |  4.859333  |   95.53760 |   166500   |   6.05 |
+---+------------+------------+-----------+--------+
| 5 |  4.865832  |   95.56683 |   167000   |   6.84 |
+---+------------+------------+-----------+--------+
| 5 |  4.926452  |   95.58354 |   167500   |   7.40 |
+---+------------+------------+-----------+--------+
| 5 |  5.216302  |   95.43528 |   168000   |   6.50 |
+---+------------+------------+-----------+--------+
| 5 |  5.281800  |   95.28493 |   168500   |   6.47 |
+---+------------+------------+-----------+--------+
| 5 |  4.896456  |   95.55221 |   169000   |   7.14 |
+---+------------+------------+-----------+--------+
| 5 |  4.922915  |   95.52298 |   169500   |   7.06 |
+---+------------+------------+-----------+--------+
| 5 |  4.977415  |   95.51045 |   170000   |   6.23 |
+---+------------+------------+-----------+--------+
| 5 |  4.979962  |   95.52089 |   170500   |   7.11 |
+---+------------+------------+-----------+--------+
| 5 |  5.029269  |   95.56057 |   171000   |   7.30 |
+---+------------+------------+-----------+--------+
| 5 |  5.145398  |   95.35802 |   171500   |   7.42 |
+---+------------+------------+-----------+--------+
| 5 |  5.181911  |   95.35175 |   172000   |   6.45 |
+---+------------+------------+-----------+--------+
| 5 |  5.120134  |   95.40187 |   172500   |   6.37 |
+---+------------+------------+-----------+--------+
| 5 |  5.092506  |   95.42901 |   173000   |   6.27 |
+---+------------+------------+-----------+--------+
| 5 |  5.534394  |   95.35802 |   173500   |   6.99 |
+---+------------+------------+-----------+--------+
| 5 |  5.102288  |   95.59815 |   174000   |   6.32 |
+---+------------+------------+-----------+--------+
| 5 |  5.217743  |   95.50836 |   174500   |   6.27 |
+---+------------+------------+-----------+--------+
| 5 |  5.403324  |   95.37681 |   175000   |   6.08 |
+---+------------+------------+-----------+--------+
| 5 |  5.277381  |   95.44989 |   175500   |   6.35 |
+---+------------+------------+-----------+--------+
| 5 |  5.177597  |   95.56266 |   176000   |   7.30 |
+---+------------+------------+-----------+--------+
| 5 |  4.901044  |   95.59815 |   176500   |   6.13 |
+---+------------+------------+-----------+--------+
| 5 |  4.855018  |   95.57310 |   177000   |   6.12 |
+---+------------+------------+-----------+--------+
| 5 |  5.350320  |   95.38725 |   177500   |   6.06 |
+---+------------+------------+-----------+--------+
| 5 |  5.357514  |   95.53133 |   178000   |   6.76 |
+---+------------+------------+-----------+--------+
| 5 |  5.411706  |   95.37472 |   178500   |   6.53 |
+---+------------+------------+-----------+--------+
| 5 |  5.175406  |   95.46451 |   179000   |   6.68 |
+---+------------+------------+-----------+--------+
| 5 |  5.258889  |   95.39560 |   179500   |   6.51 |
+---+------------+------------+-----------+--------+
| 5 |  5.322847  |   95.36637 |   180000   |   6.63 |
+---+------------+------------+-----------+--------+
| 5 |  5.033589  |   95.56057 |   180500   |   6.87 |
+---+------------+------------+-----------+--------+
| 5 |  5.198434  |   95.48957 |   181000   |   6.66 |
+---+------------+------------+-----------+--------+
| 5 |  5.308408  |   95.45407 |   181500   |   6.32 |
+---+------------+------------+-----------+--------+
| 5 |  5.071142  |   95.50419 |   182000   |   6.36 |
+---+------------+------------+-----------+--------+
| 5 |  5.095784  |   95.50836 |   182500   |   6.70 |
+---+------------+------------+-----------+--------+
| 5 |  5.470868  |   95.40813 |   183000   |   7.26 |
+---+------------+------------+-----------+--------+
| 5 |  4.980940  |   95.47078 |   183500   |   6.35 |
+---+------------+------------+-----------+--------+
| 5 |  5.344843  |   95.45825 |   184000   |   6.53 |
+---+------------+------------+-----------+--------+
| 5 |  5.043304  |   95.52089 |   184500   |   6.21 |
+---+------------+------------+-----------+--------+
| 5 |  5.309078  |   95.43945 |   185000   |   6.68 |
+---+------------+------------+-----------+--------+
| 5 |  5.215153  |   95.33296 |   185500   |   6.38 |
+---+------------+------------+-----------+--------+
| 5 |  5.513213  |   95.37681 |   186000   |   6.47 |
+---+------------+------------+-----------+--------+
| 5 |  5.289034  |   95.44572 |   186500   |   6.17 |
+---+------------+------------+-----------+--------+
| 5 |  5.336962  |   95.35593 |   187000   |   5.95 |
+---+------------+------------+-----------+--------+
| 5 |  5.134698  |   95.38725 |   187500   |   5.98 |
+---+------------+------------+-----------+--------+
| 5 |  5.282633  |   95.47286 |   188000   |   5.89 |
+---+------------+------------+-----------+--------+
| 5 |  5.355266  |   95.33505 |   188500   |   6.24 |
+---+------------+------------+-----------+--------+
| 5 |  5.383626  |   95.38099 |   189000   |   6.43 |
+---+------------+------------+-----------+--------+
| 5 |  5.379091  |   95.37263 |   189160   |   4.86 |
+---+------------+------------+-----------+--------+

Finished training in 2004.66s