task:			pos
epochs:			5
embed_dim:		64
repr_dim:		64
lstm_dim1:		32
lstm_dim2:		32
representor:		d

learning_rate:		0.0005
Training...
This may take a while

+---+------------+------------+-----------+--------+
| i |  dev_loss  |  dev_accu  | sentences |  time  |
+---+------------+------------+-----------+--------+
| 1 |  56.738605  |   31.43519 |     500   |  11.08 |
+---+------------+------------+-----------+--------+
| 1 |  43.772122  |   46.11080 |    1000   |  11.10 |
+---+------------+------------+-----------+--------+
| 1 |  36.361642  |   54.07922 |    1500   |  10.92 |
+---+------------+------------+-----------+--------+
| 1 |  31.016864  |   60.88455 |    2000   |  10.80 |
+---+------------+------------+-----------+--------+
| 1 |  26.477151  |   69.18499 |    2500   |  10.79 |
+---+------------+------------+-----------+--------+
| 1 |  22.348298  |   74.72071 |    3000   |  10.10 |
+---+------------+------------+-----------+--------+
| 1 |  18.446103  |   80.45480 |    3500   |  10.86 |
+---+------------+------------+-----------+--------+
| 1 |  16.042038  |   82.78310 |    4000   |  10.83 |
+---+------------+------------+-----------+--------+
| 1 |  13.487567  |   85.29099 |    4500   |  10.95 |
+---+------------+------------+-----------+--------+
| 1 |  11.484443  |   87.71743 |    5000   |  10.78 |
+---+------------+------------+-----------+--------+
| 1 |  9.794315  |   89.55710 |    5500   |  10.86 |
+---+------------+------------+-----------+--------+
| 1 |  8.773069  |   90.60536 |    6000   |  10.86 |
+---+------------+------------+-----------+--------+
| 1 |  8.230597  |   90.88726 |    6500   |  11.02 |
+---+------------+------------+-----------+--------+
| 1 |  7.669147  |   91.62647 |    7000   |  10.94 |
+---+------------+------------+-----------+--------+
| 1 |  7.274864  |   91.88540 |    7500   |  10.89 |
+---+------------+------------+-----------+--------+
| 1 |  6.846873  |   92.51603 |    8000   |  10.83 |
+---+------------+------------+-----------+--------+
| 1 |  6.577588  |   92.86057 |    8500   |  10.87 |
+---+------------+------------+-----------+--------+
| 1 |  6.307821  |   92.85013 |    9000   |  10.95 |
+---+------------+------------+-----------+--------+
| 1 |  5.937915  |   93.33250 |    9500   |  10.92 |
+---+------------+------------+-----------+--------+
| 1 |  5.459014  |   93.72090 |   10000   |  11.00 |
+---+------------+------------+-----------+--------+
| 1 |  5.444310  |   93.63737 |   10500   |  10.89 |
+---+------------+------------+-----------+--------+
| 1 |  5.382505  |   93.72925 |   11000   |  10.81 |
+---+------------+------------+-----------+--------+
| 1 |  5.120299  |   94.03412 |   11500   |  10.91 |
+---+------------+------------+-----------+--------+
| 1 |  5.215135  |   93.91301 |   12000   |  10.72 |
+---+------------+------------+-----------+--------+
| 1 |  5.207333  |   93.86916 |   12500   |  11.10 |
+---+------------+------------+-----------+--------+
| 1 |  5.237630  |   93.83992 |   13000   |  10.84 |
+---+------------+------------+-----------+--------+
| 1 |  4.887987  |   94.07588 |   13500   |  10.94 |
+---+------------+------------+-----------+--------+
| 1 |  4.869606  |   94.24920 |   14000   |  11.57 |
+---+------------+------------+-----------+--------+
| 1 |  4.805245  |   94.37449 |   14500   |  10.98 |
+---+------------+------------+-----------+--------+
| 1 |  4.651758  |   94.43087 |   15000   |  10.93 |
+---+------------+------------+-----------+--------+
| 1 |  4.637273  |   94.56660 |   15500   |  10.96 |
+---+------------+------------+-----------+--------+
| 1 |  4.639272  |   94.64804 |   16000   |  10.95 |
+---+------------+------------+-----------+--------+
| 1 |  4.862711  |   94.42043 |   16500   |  11.25 |
+---+------------+------------+-----------+--------+
| 1 |  4.497117  |   94.73574 |   17000   |  10.86 |
+---+------------+------------+-----------+--------+
| 1 |  4.392208  |   94.78586 |   17500   |  10.90 |
+---+------------+------------+-----------+--------+
| 1 |  4.256296  |   94.94247 |   18000   |  10.92 |
+---+------------+------------+-----------+--------+
| 1 |  4.204494  |   95.08238 |   18500   |  10.96 |
+---+------------+------------+-----------+--------+
| 1 |  4.131585  |   95.16590 |   19000   |  11.03 |
+---+------------+------------+-----------+--------+
| 1 |  4.334205  |   94.94874 |   19500   |  10.99 |
+---+------------+------------+-----------+--------+
| 1 |  4.229155  |   95.10535 |   20000   |  11.03 |
+---+------------+------------+-----------+--------+
| 1 |  4.134284  |   95.24317 |   20500   |  10.79 |
+---+------------+------------+-----------+--------+
| 1 |  4.204865  |   95.18470 |   21000   |  10.96 |
+---+------------+------------+-----------+--------+
| 1 |  4.045601  |   95.22020 |   21500   |  10.84 |
+---+------------+------------+-----------+--------+
| 1 |  3.875369  |   95.52298 |   22000   |  10.82 |
+---+------------+------------+-----------+--------+
| 1 |  3.796673  |   95.39978 |   22500   |  11.01 |
+---+------------+------------+-----------+--------+
| 1 |  3.833413  |   95.30999 |   23000   |  10.93 |
+---+------------+------------+-----------+--------+
| 1 |  4.011524  |   95.38516 |   23500   |  10.83 |
+---+------------+------------+-----------+--------+
| 1 |  3.722510  |   95.57518 |   24000   |  10.96 |
+---+------------+------------+-----------+--------+
| 1 |  3.770143  |   95.66080 |   24500   |  10.90 |
+---+------------+------------+-----------+--------+
| 1 |  3.909540  |   95.47495 |   25000   |  10.89 |
+---+------------+------------+-----------+--------+
| 1 |  3.749008  |   95.56892 |   25500   |  10.75 |
+---+------------+------------+-----------+--------+
| 1 |  3.622303  |   95.75894 |   26000   |  10.78 |
+---+------------+------------+-----------+--------+
| 1 |  3.597210  |   95.64201 |   26500   |  10.89 |
+---+------------+------------+-----------+--------+
| 1 |  3.682503  |   95.57727 |   27000   |  10.83 |
+---+------------+------------+-----------+--------+
| 1 |  3.596881  |   95.69839 |   27500   |  10.79 |
+---+------------+------------+-----------+--------+
| 1 |  3.807383  |   95.48331 |   28000   |  10.81 |
+---+------------+------------+-----------+--------+
| 1 |  3.630473  |   95.73388 |   28500   |  10.96 |
+---+------------+------------+-----------+--------+
| 1 |  3.505589  |   95.78191 |   29000   |  10.86 |
+---+------------+------------+-----------+--------+
| 1 |  3.532879  |   95.85082 |   29500   |  10.91 |
+---+------------+------------+-----------+--------+
| 1 |  3.583009  |   95.81532 |   30000   |  10.94 |
+---+------------+------------+-----------+--------+
| 1 |  3.493889  |   95.85709 |   30500   |  11.37 |
+---+------------+------------+-----------+--------+
| 1 |  3.704309  |   95.74641 |   31000   |  10.91 |
+---+------------+------------+-----------+--------+
| 1 |  3.502965  |   95.94479 |   31500   |  10.81 |
+---+------------+------------+-----------+--------+
| 1 |  3.513715  |   95.84456 |   32000   |  11.08 |
+---+------------+------------+-----------+--------+
| 1 |  3.619739  |   95.68377 |   32500   |  10.84 |
+---+------------+------------+-----------+--------+
| 1 |  3.428516  |   95.89467 |   33000   |  11.03 |
+---+------------+------------+-----------+--------+
| 1 |  3.369490  |   95.82159 |   33500   |  11.15 |
+---+------------+------------+-----------+--------+
| 1 |  3.350008  |   95.98238 |   34000   |  10.88 |
+---+------------+------------+-----------+--------+
| 1 |  3.425632  |   95.87170 |   34500   |  10.76 |
+---+------------+------------+-----------+--------+
| 1 |  3.405308  |   95.97402 |   35000   |  10.86 |
+---+------------+------------+-----------+--------+
| 1 |  3.538634  |   95.81115 |   35500   |  10.65 |
+---+------------+------------+-----------+--------+
| 1 |  4.157119  |   95.34966 |   36000   |  10.79 |
+---+------------+------------+-----------+--------+
| 1 |  3.473478  |   95.99908 |   36500   |  11.29 |
+---+------------+------------+-----------+--------+
| 1 |  3.397822  |   95.99699 |   37000   |  10.81 |
+---+------------+------------+-----------+--------+
| 1 |  3.254022  |   96.08052 |   37500   |  11.05 |
+---+------------+------------+-----------+--------+
| 2 |  3.307594  |   96.10558 |   38000   |  10.82 |
+---+------------+------------+-----------+--------+
| 2 |  3.549721  |   95.87170 |   38500   |  10.95 |
+---+------------+------------+-----------+--------+
| 2 |  3.376697  |   96.04084 |   39000   |  10.82 |
+---+------------+------------+-----------+--------+
| 2 |  3.494735  |   96.00952 |   39500   |  10.87 |
+---+------------+------------+-----------+--------+
| 2 |  3.492423  |   95.97611 |   40000   |  10.87 |
+---+------------+------------+-----------+--------+
| 2 |  3.365167  |   96.20790 |   40500   |  10.92 |
+---+------------+------------+-----------+--------+
| 2 |  3.360757  |   96.16613 |   41000   |  11.08 |
+---+------------+------------+-----------+--------+
| 2 |  3.555843  |   95.94270 |   41500   |  10.92 |
+---+------------+------------+-----------+--------+
| 2 |  3.219003  |   96.17449 |   42000   |  10.88 |
+---+------------+------------+-----------+--------+
| 2 |  3.300723  |   96.13899 |   42500   |  10.79 |
+---+------------+------------+-----------+--------+
| 2 |  3.379822  |   96.19954 |   43000   |  10.85 |
+---+------------+------------+-----------+--------+
| 2 |  3.314977  |   96.36033 |   43500   |  11.08 |
+---+------------+------------+-----------+--------+
| 2 |  3.360478  |   96.19119 |   44000   |  10.76 |
+---+------------+------------+-----------+--------+
| 2 |  3.312570  |   96.22878 |   44500   |  11.05 |
+---+------------+------------+-----------+--------+
| 2 |  3.293487  |   96.25593 |   45000   |  10.96 |
+---+------------+------------+-----------+--------+
| 2 |  3.273397  |   96.21625 |   45500   |  10.90 |
+---+------------+------------+-----------+--------+
| 2 |  3.310959  |   96.29978 |   46000   |  10.82 |
+---+------------+------------+-----------+--------+
| 2 |  3.524288  |   96.07217 |   46500   |  10.94 |
+---+------------+------------+-----------+--------+
| 2 |  3.310173  |   96.15778 |   47000   |  10.98 |
+---+------------+------------+-----------+--------+
| 2 |  3.281574  |   96.19954 |   47500   |  10.85 |
+---+------------+------------+-----------+--------+
| 2 |  3.208215  |   96.25801 |   48000   |  10.90 |
+---+------------+------------+-----------+--------+
| 2 |  3.235566  |   96.24340 |   48500   |  10.92 |
+---+------------+------------+-----------+--------+
| 2 |  3.160067  |   96.31648 |   49000   |  10.89 |
+---+------------+------------+-----------+--------+
| 2 |  3.096730  |   96.26637 |   49500   |  11.06 |
+---+------------+------------+-----------+--------+
| 2 |  3.071739  |   96.33736 |   50000   |  10.95 |
+---+------------+------------+-----------+--------+
| 2 |  3.228719  |   96.29769 |   50500   |  11.47 |
+---+------------+------------+-----------+--------+
| 2 |  3.160084  |   96.36660 |   51000   |  10.94 |
+---+------------+------------+-----------+--------+
| 2 |  3.205729  |   96.38121 |   51500   |  11.01 |
+---+------------+------------+-----------+--------+
| 2 |  3.155388  |   96.30395 |   52000   |  10.78 |
+---+------------+------------+-----------+--------+
| 2 |  3.199679  |   96.25593 |   52500   |  10.83 |
+---+------------+------------+-----------+--------+
| 2 |  3.243488  |   96.16822 |   53000   |  10.95 |
+---+------------+------------+-----------+--------+
| 2 |  3.225938  |   96.28934 |   53500   |  10.89 |
+---+------------+------------+-----------+--------+
| 2 |  3.203773  |   96.27054 |   54000   |  11.15 |
+---+------------+------------+-----------+--------+
| 2 |  3.232329  |   96.13899 |   54500   |  10.86 |
+---+------------+------------+-----------+--------+
| 2 |  3.171586  |   96.10140 |   55000   |  10.96 |
+---+------------+------------+-----------+--------+
| 2 |  3.247859  |   96.38957 |   55500   |  10.98 |
+---+------------+------------+-----------+--------+
| 2 |  3.098948  |   96.21207 |   56000   |  10.78 |
+---+------------+------------+-----------+--------+
| 2 |  3.252494  |   96.14943 |   56500   |  10.78 |
+---+------------+------------+-----------+--------+
| 2 |  3.166733  |   96.41671 |   57000   |  10.95 |
+---+------------+------------+-----------+--------+
| 2 |  3.266759  |   96.15361 |   57500   |  10.86 |
+---+------------+------------+-----------+--------+
| 2 |  3.335820  |   96.10349 |   58000   |  10.83 |
+---+------------+------------+-----------+--------+
| 2 |  3.159945  |   96.23504 |   58500   |  10.97 |
+---+------------+------------+-----------+--------+
| 2 |  3.115884  |   96.31231 |   59000   |  10.95 |
+---+------------+------------+-----------+--------+
| 2 |  3.270541  |   96.22251 |   59500   |  11.11 |
+---+------------+------------+-----------+--------+
| 2 |  3.176740  |   96.36033 |   60000   |  11.04 |
+---+------------+------------+-----------+--------+
| 2 |  3.056866  |   96.42924 |   60500   |  10.88 |
+---+------------+------------+-----------+--------+
| 2 |  2.980351  |   96.59421 |   61000   |  10.99 |
+---+------------+------------+-----------+--------+
| 2 |  3.004495  |   96.49606 |   61500   |  10.74 |
+---+------------+------------+-----------+--------+
| 2 |  3.178932  |   96.40210 |   62000   |  10.87 |
+---+------------+------------+-----------+--------+
| 2 |  3.106948  |   96.32066 |   62500   |  11.11 |
+---+------------+------------+-----------+--------+
| 2 |  3.108853  |   96.48562 |   63000   |  10.99 |
+---+------------+------------+-----------+--------+
| 2 |  3.237273  |   96.44804 |   63500   |  10.92 |
+---+------------+------------+-----------+--------+
| 2 |  3.050347  |   96.41463 |   64000   |  10.92 |
+---+------------+------------+-----------+--------+
| 2 |  3.150922  |   96.44386 |   64500   |  10.99 |
+---+------------+------------+-----------+--------+
| 2 |  3.079408  |   96.48353 |   65000   |  10.85 |
+---+------------+------------+-----------+--------+
| 2 |  3.119975  |   96.43760 |   65500   |  10.97 |
+---+------------+------------+-----------+--------+
| 2 |  3.018811  |   96.55871 |   66000   |  10.93 |
+---+------------+------------+-----------+--------+
| 2 |  3.124361  |   96.16822 |   66500   |  10.90 |
+---+------------+------------+-----------+--------+
| 2 |  3.198016  |   96.24548 |   67000   |  10.99 |
+---+------------+------------+-----------+--------+
| 2 |  2.973901  |   96.47518 |   67500   |  11.02 |
+---+------------+------------+-----------+--------+
| 2 |  2.928145  |   96.60674 |   68000   |  11.54 |
+---+------------+------------+-----------+--------+
| 2 |  2.976682  |   96.62553 |   68500   |  11.04 |
+---+------------+------------+-----------+--------+
| 2 |  2.989762  |   96.55244 |   69000   |  10.91 |
+---+------------+------------+-----------+--------+
| 2 |  3.027062  |   96.52321 |   69500   |  10.84 |
+---+------------+------------+-----------+--------+
| 2 |  3.007223  |   96.57541 |   70000   |  10.85 |
+---+------------+------------+-----------+--------+
| 2 |  3.151125  |   96.29351 |   70500   |  10.83 |
+---+------------+------------+-----------+--------+
| 2 |  3.106129  |   96.33528 |   71000   |  10.74 |
+---+------------+------------+-----------+--------+
| 2 |  2.913537  |   96.56497 |   71500   |  10.90 |
+---+------------+------------+-----------+--------+
| 2 |  3.033004  |   96.52739 |   72000   |  10.88 |
+---+------------+------------+-----------+--------+
| 2 |  2.892831  |   96.58168 |   72500   |  10.92 |
+---+------------+------------+-----------+--------+
| 2 |  2.863588  |   96.65685 |   73000   |  10.86 |
+---+------------+------------+-----------+--------+
| 2 |  3.145686  |   96.37495 |   73500   |  10.92 |
+---+------------+------------+-----------+--------+
| 2 |  3.102550  |   96.41254 |   74000   |  10.75 |
+---+------------+------------+-----------+--------+
| 2 |  3.005421  |   96.46892 |   74500   |  10.92 |
+---+------------+------------+-----------+--------+
| 2 |  2.875394  |   96.60256 |   75000   |  10.89 |
+---+------------+------------+-----------+--------+
| 2 |  3.004112  |   96.53574 |   75500   |  10.90 |
+---+------------+------------+-----------+--------+
| 3 |  3.013417  |   96.57541 |   76000   |  11.17 |
+---+------------+------------+-----------+--------+
| 3 |  3.131582  |   96.35825 |   76500   |  10.85 |
+---+------------+------------+-----------+--------+
| 3 |  2.958363  |   96.58377 |   77000   |  10.98 |
+---+------------+------------+-----------+--------+
| 3 |  2.918375  |   96.65059 |   77500   |  10.94 |
+---+------------+------------+-----------+--------+
| 3 |  2.979683  |   96.55662 |   78000   |  10.82 |
+---+------------+------------+-----------+--------+
| 3 |  2.991522  |   96.54827 |   78500   |  11.11 |
+---+------------+------------+-----------+--------+
| 3 |  3.093907  |   96.39166 |   79000   |  10.92 |
+---+------------+------------+-----------+--------+
| 3 |  2.916627  |   96.62135 |   79500   |  10.95 |
+---+------------+------------+-----------+--------+
| 3 |  3.101948  |   96.46057 |   80000   |  10.83 |
+---+------------+------------+-----------+--------+
| 3 |  3.107882  |   96.55871 |   80500   |  10.81 |
+---+------------+------------+-----------+--------+
| 3 |  3.036258  |   96.64850 |   81000   |  10.77 |
+---+------------+------------+-----------+--------+
| 3 |  2.982846  |   96.70279 |   81500   |  10.70 |
+---+------------+------------+-----------+--------+
| 3 |  2.985303  |   96.73620 |   82000   |  10.99 |
+---+------------+------------+-----------+--------+
| 3 |  3.128194  |   96.39374 |   82500   |  10.80 |
+---+------------+------------+-----------+--------+
| 3 |  2.935895  |   96.59212 |   83000   |  10.84 |
+---+------------+------------+-----------+--------+
| 3 |  3.085940  |   96.53783 |   83500   |  11.64 |
+---+------------+------------+-----------+--------+
| 3 |  3.002082  |   96.64850 |   84000   |  12.72 |
+---+------------+------------+-----------+--------+
| 3 |  3.183809  |   96.49606 |   84500   |  11.49 |
+---+------------+------------+-----------+--------+
| 3 |  3.099453  |   96.53365 |   85000   |  10.77 |
+---+------------+------------+-----------+--------+
| 3 |  3.062925  |   96.53156 |   85500   |  10.93 |
+---+------------+------------+-----------+--------+
| 3 |  2.904923  |   96.70488 |   86000   |  11.00 |
+---+------------+------------+-----------+--------+
| 3 |  3.064616  |   96.61300 |   86500   |  10.87 |
+---+------------+------------+-----------+--------+
| 3 |  2.984051  |   96.62971 |   87000   |  10.76 |
+---+------------+------------+-----------+--------+
| 3 |  3.217788  |   96.40210 |   87500   |  10.87 |
+---+------------+------------+-----------+--------+
| 3 |  3.125319  |   96.61300 |   88000   |  11.01 |
+---+------------+------------+-----------+--------+
| 3 |  2.968430  |   96.56706 |   88500   |  11.02 |
+---+------------+------------+-----------+--------+
| 3 |  3.001177  |   96.55036 |   89000   |  10.66 |
+---+------------+------------+-----------+--------+
| 3 |  2.994394  |   96.59212 |   89500   |  10.91 |
+---+------------+------------+-----------+--------+
| 3 |  2.969454  |   96.67982 |   90000   |  10.96 |
+---+------------+------------+-----------+--------+
| 3 |  3.029928  |   96.55662 |   90500   |  10.78 |
+---+------------+------------+-----------+--------+
| 3 |  2.981328  |   96.61718 |   91000   |  10.96 |
+---+------------+------------+-----------+--------+
| 3 |  3.010866  |   96.63179 |   91500   |  10.89 |
+---+------------+------------+-----------+--------+
| 3 |  3.018579  |   96.65894 |   92000   |  11.06 |
+---+------------+------------+-----------+--------+
| 3 |  3.044752  |   96.55036 |   92500   |  11.05 |
+---+------------+------------+-----------+--------+
| 3 |  3.013750  |   96.54200 |   93000   |  10.82 |
+---+------------+------------+-----------+--------+
| 3 |  3.009053  |   96.58377 |   93500   |  10.96 |
+---+------------+------------+-----------+--------+
| 3 |  2.968428  |   96.61927 |   94000   |  11.05 |
+---+------------+------------+-----------+--------+
| 3 |  3.051164  |   96.51068 |   94500   |  10.85 |
+---+------------+------------+-----------+--------+
| 3 |  2.953604  |   96.68191 |   95000   |  10.95 |
+---+------------+------------+-----------+--------+
| 3 |  2.921593  |   96.64224 |   95500   |  10.97 |
+---+------------+------------+-----------+--------+
| 3 |  2.975288  |   96.61091 |   96000   |  10.89 |
+---+------------+------------+-----------+--------+
| 3 |  2.945539  |   96.67982 |   96500   |  10.88 |
+---+------------+------------+-----------+--------+
| 3 |  2.946078  |   96.52739 |   97000   |  10.87 |
+---+------------+------------+-----------+--------+
| 3 |  2.871122  |   96.64432 |   97500   |  10.79 |
+---+------------+------------+-----------+--------+
| 3 |  3.000391  |   96.59212 |   98000   |  11.07 |
+---+------------+------------+-----------+--------+
| 3 |  2.908644  |   96.70697 |   98500   |  11.25 |
+---+------------+------------+-----------+--------+
| 3 |  3.023495  |   96.55036 |   99000   |  10.80 |
+---+------------+------------+-----------+--------+
| 3 |  3.080252  |   96.46265 |   99500   |  10.82 |
+---+------------+------------+-----------+--------+
| 3 |  2.904460  |   96.65059 |   100000   |  10.90 |
+---+------------+------------+-----------+--------+
| 3 |  3.058593  |   96.41671 |   100500   |  10.90 |
+---+------------+------------+-----------+--------+
| 3 |  3.234450  |   96.36660 |   101000   |  10.92 |
+---+------------+------------+-----------+--------+
| 3 |  2.989689  |   96.56080 |   101500   |  11.03 |
+---+------------+------------+-----------+--------+
| 3 |  2.958666  |   96.60047 |   102000   |  10.74 |
+---+------------+------------+-----------+--------+
| 3 |  2.972763  |   96.66938 |   102500   |  10.85 |
+---+------------+------------+-----------+--------+
| 3 |  2.872953  |   96.66729 |   103000   |  10.91 |
+---+------------+------------+-----------+--------+
| 3 |  2.945312  |   96.70279 |   103500   |  11.02 |
+---+------------+------------+-----------+--------+
| 3 |  2.935332  |   96.61927 |   104000   |  10.91 |
+---+------------+------------+-----------+--------+
| 3 |  2.878880  |   96.71323 |   104500   |  10.98 |
+---+------------+------------+-----------+--------+
| 3 |  3.047832  |   96.60047 |   105000   |  11.02 |
+---+------------+------------+-----------+--------+
| 3 |  2.972284  |   96.69235 |   105500   |  11.06 |
+---+------------+------------+-----------+--------+
| 3 |  3.112375  |   96.52947 |   106000   |  10.70 |
+---+------------+------------+-----------+--------+
| 3 |  2.893875  |   96.75500 |   106500   |  10.84 |
+---+------------+------------+-----------+--------+
| 3 |  2.890935  |   96.79676 |   107000   |  10.84 |
+---+------------+------------+-----------+--------+
| 3 |  2.985004  |   96.65059 |   107500   |  10.92 |
+---+------------+------------+-----------+--------+
| 3 |  2.881516  |   96.80094 |   108000   |  10.86 |
+---+------------+------------+-----------+--------+
| 3 |  2.890858  |   96.69444 |   108500   |  10.89 |
+---+------------+------------+-----------+--------+
| 3 |  2.892062  |   96.73411 |   109000   |  11.27 |
+---+------------+------------+-----------+--------+
| 3 |  2.928817  |   96.65059 |   109500   |  10.79 |
+---+------------+------------+-----------+--------+
| 3 |  2.860249  |   96.78841 |   110000   |  10.85 |
+---+------------+------------+-----------+--------+
| 3 |  2.918080  |   96.71532 |   110500   |  10.79 |
+---+------------+------------+-----------+--------+
| 3 |  2.972111  |   96.68191 |   111000   |  10.87 |
+---+------------+------------+-----------+--------+
| 3 |  3.047872  |   96.72994 |   111500   |  10.88 |
+---+------------+------------+-----------+--------+
| 3 |  2.961645  |   96.74038 |   112000   |  10.99 |
+---+------------+------------+-----------+--------+
| 3 |  2.977939  |   96.75917 |   112500   |  11.05 |
+---+------------+------------+-----------+--------+
| 3 |  2.884481  |   96.76544 |   113000   |  10.95 |
+---+------------+------------+-----------+--------+
| 4 |  2.830711  |   96.78841 |   113500   |  10.87 |
+---+------------+------------+-----------+--------+
| 4 |  2.911775  |   96.70488 |   114000   |  10.91 |
+---+------------+------------+-----------+--------+
| 4 |  2.991316  |   96.65894 |   114500   |  11.10 |
+---+------------+------------+-----------+--------+
| 4 |  2.938462  |   96.67982 |   115000   |  10.89 |
+---+------------+------------+-----------+--------+
| 4 |  3.238718  |   96.43342 |   115500   |  10.92 |
+---+------------+------------+-----------+--------+
| 4 |  3.159738  |   96.32692 |   116000   |  10.90 |
+---+------------+------------+-----------+--------+
| 4 |  2.929265  |   96.69653 |   116500   |  10.92 |
+---+------------+------------+-----------+--------+
| 4 |  3.062190  |   96.64850 |   117000   |  10.85 |
+---+------------+------------+-----------+--------+
| 4 |  2.992145  |   96.70697 |   117500   |  10.94 |
+---+------------+------------+-----------+--------+
| 4 |  3.078828  |   96.73829 |   118000   |  10.91 |
+---+------------+------------+-----------+--------+
| 4 |  2.936669  |   96.74664 |   118500   |  10.79 |
+---+------------+------------+-----------+--------+
| 4 |  3.043129  |   96.72785 |   119000   |  10.95 |
+---+------------+------------+-----------+--------+
| 4 |  2.966795  |   96.70488 |   119500   |  10.82 |
+---+------------+------------+-----------+--------+
| 4 |  2.980539  |   96.73411 |   120000   |  10.80 |
+---+------------+------------+-----------+--------+
| 4 |  2.959272  |   96.67356 |   120500   |  10.94 |
+---+------------+------------+-----------+--------+
| 4 |  2.957518  |   96.73829 |   121000   |  11.03 |
+---+------------+------------+-----------+--------+
| 4 |  2.974815  |   96.77588 |   121500   |  10.77 |
+---+------------+------------+-----------+--------+
| 4 |  3.035107  |   96.66729 |   122000   |  11.06 |
+---+------------+------------+-----------+--------+
| 4 |  2.987410  |   96.76961 |   122500   |  11.12 |
+---+------------+------------+-----------+--------+
| 4 |  3.024277  |   96.75917 |   123000   |  11.30 |
+---+------------+------------+-----------+--------+
| 4 |  2.971084  |   96.71741 |   123500   |  10.91 |
+---+------------+------------+-----------+--------+
| 4 |  3.045296  |   96.64224 |   124000   |  10.92 |
+---+------------+------------+-----------+--------+
| 4 |  3.085149  |   96.66312 |   124500   |  11.01 |
+---+------------+------------+-----------+--------+
| 4 |  2.999855  |   96.83017 |   125000   |  12.39 |
+---+------------+------------+-----------+--------+
| 4 |  2.975049  |   96.70070 |   125500   |  12.01 |
+---+------------+------------+-----------+--------+
| 4 |  2.886874  |   96.82808 |   126000   |  11.78 |
+---+------------+------------+-----------+--------+
| 4 |  2.934136  |   96.77379 |   126500   |  11.23 |
+---+------------+------------+-----------+--------+
| 4 |  3.058644  |   96.68191 |   127000   |  10.97 |
+---+------------+------------+-----------+--------+
| 4 |  2.936272  |   96.69235 |   127500   |  10.89 |
+---+------------+------------+-----------+--------+
| 4 |  3.059210  |   96.64432 |   128000   |  10.90 |
+---+------------+------------+-----------+--------+
| 4 |  2.956559  |   96.65894 |   128500   |  10.92 |
+---+------------+------------+-----------+--------+
| 4 |  3.184959  |   96.48980 |   129000   |  11.02 |
+---+------------+------------+-----------+--------+
| 4 |  3.090615  |   96.64641 |   129500   |  10.91 |
+---+------------+------------+-----------+--------+
| 4 |  3.008530  |   96.76961 |   130000   |  10.81 |
+---+------------+------------+-----------+--------+
| 4 |  3.023325  |   96.66520 |   130500   |  10.63 |
+---+------------+------------+-----------+--------+
| 4 |  3.060301  |   96.72159 |   131000   |  10.99 |
+---+------------+------------+-----------+--------+
| 4 |  3.044185  |   96.70070 |   131500   |  10.88 |
+---+------------+------------+-----------+--------+
| 4 |  3.022863  |   96.68817 |   132000   |  10.99 |
+---+------------+------------+-----------+--------+
| 4 |  2.938854  |   96.73620 |   132500   |  11.05 |
+---+------------+------------+-----------+--------+
| 4 |  3.082041  |   96.69653 |   133000   |  11.08 |
+---+------------+------------+-----------+--------+
| 4 |  2.957846  |   96.68609 |   133500   |  10.91 |
+---+------------+------------+-----------+--------+
| 4 |  2.949880  |   96.67773 |   134000   |  11.01 |
+---+------------+------------+-----------+--------+
| 4 |  3.026309  |   96.77797 |   134500   |  10.94 |
+---+------------+------------+-----------+--------+
| 4 |  2.941053  |   96.73620 |   135000   |  11.00 |
+---+------------+------------+-----------+--------+
| 4 |  2.922479  |   96.77170 |   135500   |  11.01 |
+---+------------+------------+-----------+--------+
| 4 |  2.909988  |   96.78423 |   136000   |  10.94 |
+---+------------+------------+-----------+--------+
| 4 |  2.945452  |   96.75082 |   136500   |  10.86 |
+---+------------+------------+-----------+--------+
| 4 |  2.958774  |   96.75917 |   137000   |  10.93 |
+---+------------+------------+-----------+--------+
| 4 |  3.051132  |   96.68609 |   137500   |  10.82 |
+---+------------+------------+-----------+--------+
| 4 |  2.995796  |   96.74247 |   138000   |  10.94 |
+---+------------+------------+-----------+--------+
| 4 |  3.047841  |   96.65685 |   138500   |  10.94 |
+---+------------+------------+-----------+--------+
| 4 |  3.008893  |   96.62971 |   139000   |  10.86 |
+---+------------+------------+-----------+--------+
| 4 |  3.064373  |   96.64224 |   139500   |  10.96 |
+---+------------+------------+-----------+--------+
| 4 |  3.082083  |   96.67356 |   140000   |  11.21 |
+---+------------+------------+-----------+--------+
| 4 |  3.201497  |   96.53783 |   140500   |  11.39 |
+---+------------+------------+-----------+--------+
| 4 |  2.924839  |   96.67773 |   141000   |  11.14 |
+---+------------+------------+-----------+--------+
| 4 |  3.003919  |   96.62762 |   141500   |  10.98 |
+---+------------+------------+-----------+--------+
| 4 |  2.946589  |   96.75291 |   142000   |  10.86 |
+---+------------+------------+-----------+--------+
| 4 |  3.083157  |   96.73620 |   142500   |  10.76 |
+---+------------+------------+-----------+--------+
| 4 |  2.995718  |   96.76752 |   143000   |  10.93 |
+---+------------+------------+-----------+--------+
| 4 |  2.921496  |   96.76961 |   143500   |  10.89 |
+---+------------+------------+-----------+--------+
| 4 |  3.027928  |   96.62344 |   144000   |  10.96 |
+---+------------+------------+-----------+--------+
| 4 |  3.050484  |   96.62344 |   144500   |  10.89 |
+---+------------+------------+-----------+--------+
| 4 |  2.853951  |   96.78632 |   145000   |  10.98 |
+---+------------+------------+-----------+--------+
| 4 |  2.996864  |   96.66312 |   145500   |  10.86 |
+---+------------+------------+-----------+--------+
| 4 |  3.010239  |   96.59421 |   146000   |  10.97 |
+---+------------+------------+-----------+--------+
| 4 |  2.977039  |   96.60465 |   146500   |  10.78 |
+---+------------+------------+-----------+--------+
| 4 |  3.053215  |   96.69444 |   147000   |  10.86 |
+---+------------+------------+-----------+--------+
| 4 |  2.955432  |   96.74247 |   147500   |  10.83 |
+---+------------+------------+-----------+--------+
| 4 |  2.899404  |   96.83643 |   148000   |  10.84 |
+---+------------+------------+-----------+--------+
| 4 |  3.004880  |   96.75082 |   148500   |  10.83 |
+---+------------+------------+-----------+--------+
| 4 |  3.016656  |   96.65476 |   149000   |  10.83 |
+---+------------+------------+-----------+--------+
| 4 |  3.047387  |   96.72367 |   149500   |  10.88 |
+---+------------+------------+-----------+--------+
| 4 |  3.005204  |   96.75708 |   150000   |  10.91 |
+---+------------+------------+-----------+--------+
| 4 |  3.163406  |   96.61509 |   150500   |  10.91 |
+---+------------+------------+-----------+--------+
| 4 |  3.040987  |   96.78214 |   151000   |  10.73 |
+---+------------+------------+-----------+--------+
| 5 |  3.047721  |   96.58168 |   151500   |  11.03 |
+---+------------+------------+-----------+--------+
| 5 |  3.061302  |   96.82599 |   152000   |  10.93 |
+---+------------+------------+-----------+--------+
| 5 |  3.146490  |   96.67565 |   152500   |  10.84 |
+---+------------+------------+-----------+--------+
| 5 |  3.032544  |   96.81346 |   153000   |  10.94 |
+---+------------+------------+-----------+--------+
| 5 |  3.071557  |   96.69862 |   153500   |  11.13 |
+---+------------+------------+-----------+--------+
| 5 |  3.012228  |   96.69862 |   154000   |  10.84 |
+---+------------+------------+-----------+--------+
| 5 |  3.054945  |   96.58585 |   154500   |  11.53 |
+---+------------+------------+-----------+--------+
| 5 |  3.089032  |   96.74664 |   155000   |  10.98 |
+---+------------+------------+-----------+--------+
| 5 |  3.095948  |   96.66520 |   155500   |  10.83 |
+---+------------+------------+-----------+--------+
| 5 |  3.133623  |   96.65476 |   156000   |  10.95 |
+---+------------+------------+-----------+--------+
| 5 |  3.118396  |   96.70070 |   156500   |  11.09 |
+---+------------+------------+-----------+--------+
| 5 |  3.058123  |   96.77588 |   157000   |  11.25 |
+---+------------+------------+-----------+--------+
| 5 |  3.132902  |   96.71950 |   157500   |  11.06 |
+---+------------+------------+-----------+--------+
| 5 |  3.031446  |   96.81346 |   158000   |  10.86 |
+---+------------+------------+-----------+--------+
| 5 |  3.159090  |   96.72785 |   158500   |  10.87 |
+---+------------+------------+-----------+--------+
| 5 |  3.118162  |   96.65685 |   159000   |  10.97 |
+---+------------+------------+-----------+--------+
| 5 |  3.113294  |   96.72159 |   159500   |  10.92 |
+---+------------+------------+-----------+--------+
| 5 |  2.992187  |   96.77797 |   160000   |  10.90 |
+---+------------+------------+-----------+--------+
| 5 |  3.187501  |   96.68191 |   160500   |  10.94 |
+---+------------+------------+-----------+--------+
| 5 |  3.061882  |   96.74038 |   161000   |  10.92 |
+---+------------+------------+-----------+--------+
| 5 |  3.074590  |   96.80929 |   161500   |  11.00 |
+---+------------+------------+-----------+--------+
| 5 |  3.143630  |   96.68400 |   162000   |  10.88 |
+---+------------+------------+-----------+--------+
| 5 |  3.127975  |   96.65268 |   162500   |  10.84 |
+---+------------+------------+-----------+--------+
| 5 |  3.073731  |   96.69653 |   163000   |  10.91 |
+---+------------+------------+-----------+--------+
| 5 |  2.984730  |   96.75917 |   163500   |  11.01 |
+---+------------+------------+-----------+--------+
| 5 |  2.979365  |   96.85314 |   164000   |  11.04 |
+---+------------+------------+-----------+--------+
| 5 |  3.055946  |   96.78841 |   164500   |  11.00 |
+---+------------+------------+-----------+--------+
| 5 |  3.176469  |   96.59212 |   165000   |  10.84 |
+---+------------+------------+-----------+--------+
| 5 |  3.200650  |   96.62344 |   165500   |  10.71 |
+---+------------+------------+-----------+--------+
| 5 |  3.172132  |   96.68400 |   166000   |  10.88 |
+---+------------+------------+-----------+--------+
| 5 |  3.041800  |   96.77797 |   166500   |  10.85 |
+---+------------+------------+-----------+--------+
| 5 |  3.068873  |   96.71741 |   167000   |  10.96 |
+---+------------+------------+-----------+--------+
| 5 |  3.065314  |   96.79258 |   167500   |  10.88 |
+---+------------+------------+-----------+--------+
| 5 |  3.276422  |   96.64641 |   168000   |  10.93 |
+---+------------+------------+-----------+--------+
| 5 |  3.162055  |   96.66103 |   168500   |  10.84 |
+---+------------+------------+-----------+--------+
| 5 |  3.052726  |   96.71950 |   169000   |  10.90 |
+---+------------+------------+-----------+--------+
| 5 |  3.125365  |   96.74038 |   169500   |  10.85 |
+---+------------+------------+-----------+--------+
| 5 |  3.074658  |   96.79258 |   170000   |  10.87 |
+---+------------+------------+-----------+--------+
| 5 |  3.110395  |   96.77588 |   170500   |  11.07 |
+---+------------+------------+-----------+--------+
| 5 |  3.150280  |   96.60256 |   171000   |  11.32 |
+---+------------+------------+-----------+--------+
| 5 |  3.104389  |   96.71114 |   171500   |  10.87 |
+---+------------+------------+-----------+--------+
| 5 |  3.170005  |   96.71114 |   172000   |  10.86 |
+---+------------+------------+-----------+--------+
| 5 |  3.207088  |   96.57124 |   172500   |  10.82 |
+---+------------+------------+-----------+--------+
| 5 |  3.035763  |   96.77379 |   173000   |  10.62 |
+---+------------+------------+-----------+--------+
| 5 |  3.121607  |   96.76961 |   173500   |  10.91 |
+---+------------+------------+-----------+--------+
| 5 |  2.970433  |   96.78423 |   174000   |  10.90 |
+---+------------+------------+-----------+--------+
| 5 |  3.104477  |   96.71323 |   174500   |  10.96 |
+---+------------+------------+-----------+--------+
| 5 |  3.152225  |   96.65268 |   175000   |  10.83 |
+---+------------+------------+-----------+--------+
| 5 |  3.161437  |   96.69026 |   175500   |  11.02 |
+---+------------+------------+-----------+--------+
| 5 |  3.063650  |   96.77379 |   176000   |  10.99 |
+---+------------+------------+-----------+--------+
| 5 |  3.006131  |   96.78632 |   176500   |  10.81 |
+---+------------+------------+-----------+--------+
| 5 |  3.045029  |   96.68817 |   177000   |  11.02 |
+---+------------+------------+-----------+--------+
| 5 |  2.958506  |   96.77797 |   177500   |  10.80 |
+---+------------+------------+-----------+--------+
| 5 |  3.052879  |   96.60465 |   178000   |  10.96 |
+---+------------+------------+-----------+--------+
| 5 |  3.027079  |   96.74247 |   178500   |  10.99 |
+---+------------+------------+-----------+--------+
| 5 |  2.997119  |   96.76126 |   179000   |  10.99 |
+---+------------+------------+-----------+--------+
| 5 |  2.949292  |   96.77170 |   179500   |  10.86 |
+---+------------+------------+-----------+--------+
| 5 |  3.040532  |   96.67565 |   180000   |  10.80 |
+---+------------+------------+-----------+--------+
| 5 |  3.085920  |   96.77588 |   180500   |  10.84 |
+---+------------+------------+-----------+--------+
| 5 |  3.019557  |   96.79467 |   181000   |  10.95 |
+---+------------+------------+-----------+--------+
| 5 |  3.095531  |   96.71741 |   181500   |  10.79 |
+---+------------+------------+-----------+--------+
| 5 |  3.046537  |   96.75917 |   182000   |  11.05 |
+---+------------+------------+-----------+--------+
| 5 |  3.183218  |   96.65894 |   182500   |  10.81 |
+---+------------+------------+-----------+--------+
| 5 |  3.107198  |   96.65894 |   183000   |  10.90 |
+---+------------+------------+-----------+--------+
| 5 |  3.031443  |   96.78632 |   183500   |  10.95 |
+---+------------+------------+-----------+--------+
| 5 |  2.973743  |   96.74038 |   184000   |  10.99 |
+---+------------+------------+-----------+--------+
| 5 |  3.081159  |   96.67982 |   184500   |  10.86 |
+---+------------+------------+-----------+--------+
| 5 |  2.988210  |   96.80094 |   185000   |  11.06 |
+---+------------+------------+-----------+--------+
| 5 |  2.982889  |   96.76126 |   185500   |  10.86 |
+---+------------+------------+-----------+--------+
| 5 |  3.096352  |   96.75708 |   186000   |  11.06 |
+---+------------+------------+-----------+--------+
| 5 |  3.067540  |   96.82182 |   186500   |  10.97 |
+---+------------+------------+-----------+--------+
| 5 |  3.106476  |   96.78214 |   187000   |  10.83 |
+---+------------+------------+-----------+--------+
| 5 |  2.960114  |   96.77379 |   187500   |  10.92 |
+---+------------+------------+-----------+--------+
| 5 |  3.074421  |   96.78632 |   188000   |  10.89 |
+---+------------+------------+-----------+--------+
| 5 |  3.062196  |   96.77797 |   188500   |  11.16 |
+---+------------+------------+-----------+--------+
| 5 |  2.990919  |   96.86149 |   189000   |  10.97 |
+---+------------+------------+-----------+--------+
| 5 |  2.975215  |   96.84688 |   189160   |   8.54 |
+---+------------+------------+-----------+--------+

Finished training in 4145.13s