task:			ner
epochs:			5
embed_dim:		64
repr_dim:		64
lstm_dim1:		32
lstm_dim2:		32
representor:		c

learning_rate:		0.0005
Training...
This may take a while

+---+------------+------------+-----------+--------+
| i |  dev_loss  |  dev_accu  | sentences |  time  |
+---+------------+------------+-----------+--------+
| 1 |  10.256072  |    0.51458 |     500   |   4.38 |
+---+------------+------------+-----------+--------+
| 1 |  8.564019  |    3.64624 |    1000   |   3.93 |
+---+------------+------------+-----------+--------+
| 1 |  7.106662  |    9.74987 |    1500   |   4.87 |
+---+------------+------------+-----------+--------+
| 1 |  6.409142  |   20.34357 |    2000   |   4.66 |
+---+------------+------------+-----------+--------+
| 1 |  5.719658  |   27.95769 |    2500   |   4.14 |
+---+------------+------------+-----------+--------+
| 1 |  5.182668  |   33.94711 |    3000   |   4.63 |
+---+------------+------------+-----------+--------+
| 1 |  5.031485  |   35.30130 |    3500   |   3.99 |
+---+------------+------------+-----------+--------+
| 1 |  5.033047  |   35.26180 |    4000   |   3.89 |
+---+------------+------------+-----------+--------+
| 1 |  5.083979  |   40.36294 |    4500   |   4.39 |
+---+------------+------------+-----------+--------+
| 1 |  4.826001  |   41.40092 |    5000   |   4.42 |
+---+------------+------------+-----------+--------+
| 1 |  4.456017  |   45.49130 |    5500   |   4.47 |
+---+------------+------------+-----------+--------+
| 1 |  4.022301  |   48.75374 |    6000   |   4.63 |
+---+------------+------------+-----------+--------+
| 1 |  4.146132  |   49.20706 |    6500   |   4.32 |
+---+------------+------------+-----------+--------+
| 1 |  4.058851  |   50.47364 |    7000   |   4.16 |
+---+------------+------------+-----------+--------+
| 1 |  4.114711  |   51.31743 |    7500   |   4.28 |
+---+------------+------------+-----------+--------+
| 1 |  3.819139  |   54.93567 |    8000   |   4.00 |
+---+------------+------------+-----------+--------+
| 1 |  3.595601  |   58.38775 |    8500   |   3.92 |
+---+------------+------------+-----------+--------+
| 1 |  3.496276  |   60.56210 |    9000   |   4.36 |
+---+------------+------------+-----------+--------+
| 1 |  3.124287  |   62.95926 |    9500   |   4.25 |
+---+------------+------------+-----------+--------+
| 1 |  3.172896  |   63.50324 |   10000   |   3.87 |
+---+------------+------------+-----------+--------+
| 1 |  3.263588  |   64.36327 |   10500   |   3.97 |
+---+------------+------------+-----------+--------+
| 1 |  3.081739  |   64.90528 |   11000   |   3.90 |
+---+------------+------------+-----------+--------+
| 1 |  3.138183  |   66.74997 |   11500   |   3.88 |
+---+------------+------------+-----------+--------+
| 1 |  3.024864  |   67.17349 |   12000   |   3.88 |
+---+------------+------------+-----------+--------+
| 1 |  2.919677  |   68.32040 |   12500   |   3.92 |
+---+------------+------------+-----------+--------+
| 1 |  2.903855  |   68.45842 |   13000   |   3.92 |
+---+------------+------------+-----------+--------+
| 1 |  3.224629  |   66.15402 |   13500   |   3.94 |
+---+------------+------------+-----------+--------+
| 1 |  2.979590  |   68.14099 |   14000   |   3.86 |
+---+------------+------------+-----------+--------+
| 1 |  2.765204  |   70.15126 |   14500   |   3.93 |
+---+------------+------------+-----------+--------+
| 2 |  2.879924  |   70.32607 |   15000   |   3.97 |
+---+------------+------------+-----------+--------+
| 2 |  3.306351  |   69.24039 |   15500   |   3.94 |
+---+------------+------------+-----------+--------+
| 2 |  2.725515  |   71.13699 |   16000   |   3.86 |
+---+------------+------------+-----------+--------+
| 2 |  3.318217  |   70.90309 |   16500   |   3.91 |
+---+------------+------------+-----------+--------+
| 2 |  2.720665  |   71.86463 |   17000   |   3.86 |
+---+------------+------------+-----------+--------+
| 2 |  2.800136  |   74.04615 |   17500   |   3.91 |
+---+------------+------------+-----------+--------+
| 2 |  3.167088  |   72.43188 |   18000   |   3.88 |
+---+------------+------------+-----------+--------+
| 2 |  2.998301  |   72.74892 |   18500   |   3.93 |
+---+------------+------------+-----------+--------+
| 2 |  2.893986  |   72.43524 |   19000   |   3.88 |
+---+------------+------------+-----------+--------+
| 2 |  2.768111  |   74.05156 |   19500   |   4.05 |
+---+------------+------------+-----------+--------+
| 2 |  2.986970  |   73.08386 |   20000   |   4.04 |
+---+------------+------------+-----------+--------+
| 2 |  2.406169  |   75.17715 |   20500   |   3.94 |
+---+------------+------------+-----------+--------+
| 2 |  2.830541  |   73.54108 |   21000   |   3.89 |
+---+------------+------------+-----------+--------+
| 2 |  2.768465  |   72.69476 |   21500   |   4.48 |
+---+------------+------------+-----------+--------+
| 2 |  3.544235  |   71.81246 |   22000   |   5.26 |
+---+------------+------------+-----------+--------+
| 2 |  2.380897  |   76.26818 |   22500   |   4.71 |
+---+------------+------------+-----------+--------+
| 2 |  3.050193  |   73.85352 |   23000   |   4.04 |
+---+------------+------------+-----------+--------+
| 2 |  2.387762  |   76.79509 |   23500   |   3.75 |
+---+------------+------------+-----------+--------+
| 2 |  2.639774  |   75.25808 |   24000   |   3.73 |
+---+------------+------------+-----------+--------+
| 2 |  2.838276  |   74.48378 |   24500   |   3.69 |
+---+------------+------------+-----------+--------+
| 2 |  2.703004  |   75.78196 |   25000   |   3.57 |
+---+------------+------------+-----------+--------+
| 2 |  2.380487  |   77.31970 |   25500   |   3.63 |
+---+------------+------------+-----------+--------+
| 2 |  2.511215  |   75.88371 |   26000   |   3.64 |
+---+------------+------------+-----------+--------+
| 2 |  2.472929  |   76.66070 |   26500   |   4.17 |
+---+------------+------------+-----------+--------+
| 2 |  2.517334  |   76.65873 |   27000   |   4.25 |
+---+------------+------------+-----------+--------+
| 2 |  2.814875  |   75.25258 |   27500   |   4.34 |
+---+------------+------------+-----------+--------+
| 2 |  2.365370  |   75.85986 |   28000   |   4.18 |
+---+------------+------------+-----------+--------+
| 2 |  2.286369  |   77.48587 |   28500   |   4.25 |
+---+------------+------------+-----------+--------+
| 2 |  2.922802  |   75.30217 |   29000   |   4.09 |
+---+------------+------------+-----------+--------+
| 2 |  2.836132  |   75.30291 |   29500   |   3.98 |
+---+------------+------------+-----------+--------+
| 3 |  2.703288  |   76.20557 |   30000   |   4.10 |
+---+------------+------------+-----------+--------+
| 3 |  2.571051  |   77.56186 |   30500   |   3.93 |
+---+------------+------------+-----------+--------+
| 3 |  2.871891  |   75.43372 |   31000   |   3.67 |
+---+------------+------------+-----------+--------+
| 3 |  3.105180  |   75.95052 |   31500   |   3.62 |
+---+------------+------------+-----------+--------+
| 3 |  2.631703  |   77.76655 |   32000   |   4.08 |
+---+------------+------------+-----------+--------+
| 3 |  3.444764  |   74.09825 |   32500   |   4.34 |
+---+------------+------------+-----------+--------+
| 3 |  3.103388  |   75.50393 |   33000   |   3.93 |
+---+------------+------------+-----------+--------+
| 3 |  2.980392  |   76.39397 |   33500   |   4.03 |
+---+------------+------------+-----------+--------+
| 3 |  3.806093  |   74.28144 |   34000   |   4.24 |
+---+------------+------------+-----------+--------+
| 3 |  2.949412  |   76.47931 |   34500   |   4.15 |
+---+------------+------------+-----------+--------+
| 3 |  2.823097  |   77.35207 |   35000   |   3.63 |
+---+------------+------------+-----------+--------+
| 3 |  3.201315  |   75.17618 |   35500   |   3.56 |
+---+------------+------------+-----------+--------+
| 3 |  2.498751  |   78.21124 |   36000   |   4.07 |
+---+------------+------------+-----------+--------+
| 3 |  3.394164  |   75.20046 |   36500   |   4.59 |
+---+------------+------------+-----------+--------+
| 3 |  2.309999  |   79.09760 |   37000   |   4.54 |
+---+------------+------------+-----------+--------+
| 3 |  3.088278  |   77.62262 |   37500   |   4.24 |
+---+------------+------------+-----------+--------+
| 3 |  2.885532  |   76.98422 |   38000   |   4.02 |
+---+------------+------------+-----------+--------+
| 3 |  2.868359  |   78.31120 |   38500   |   3.71 |
+---+------------+------------+-----------+--------+
| 3 |  2.716794  |   78.39964 |   39000   |   3.60 |
+---+------------+------------+-----------+--------+
| 3 |  3.055491  |   75.94604 |   39500   |   3.69 |
+---+------------+------------+-----------+--------+
| 3 |  2.714944  |   78.91996 |   40000   |   3.62 |
+---+------------+------------+-----------+--------+
| 3 |  3.035777  |   75.54080 |   40500   |   3.62 |
+---+------------+------------+-----------+--------+
| 3 |  2.898576  |   77.02948 |   41000   |   3.62 |
+---+------------+------------+-----------+--------+
| 3 |  3.128733  |   76.14867 |   41500   |   3.60 |
+---+------------+------------+-----------+--------+
| 3 |  3.311806  |   76.51229 |   42000   |   3.60 |
+---+------------+------------+-----------+--------+
| 3 |  2.778474  |   78.08810 |   42500   |   3.64 |
+---+------------+------------+-----------+--------+
| 3 |  2.570615  |   78.59145 |   43000   |   3.54 |
+---+------------+------------+-----------+--------+
| 3 |  2.575914  |   78.69439 |   43500   |   3.55 |
+---+------------+------------+-----------+--------+
| 3 |  2.675492  |   78.77252 |   44000   |   3.54 |
+---+------------+------------+-----------+--------+
| 3 |  3.442975  |   76.76339 |   44500   |   3.51 |
+---+------------+------------+-----------+--------+
| 4 |  2.799754  |   78.04603 |   45000   |   3.57 |
+---+------------+------------+-----------+--------+
| 4 |  3.418421  |   75.91075 |   45500   |   3.60 |
+---+------------+------------+-----------+--------+
| 4 |  2.510942  |   79.74104 |   46000   |   3.60 |
+---+------------+------------+-----------+--------+
| 4 |  2.948273  |   77.18788 |   46500   |   3.61 |
+---+------------+------------+-----------+--------+
| 4 |  3.445479  |   76.45398 |   47000   |   3.60 |
+---+------------+------------+-----------+--------+
| 4 |  2.531042  |   79.65642 |   47500   |   3.62 |
+---+------------+------------+-----------+--------+
| 4 |  2.728588  |   78.88600 |   48000   |   3.71 |
+---+------------+------------+-----------+--------+
| 4 |  3.476805  |   77.33714 |   48500   |   3.60 |
+---+------------+------------+-----------+--------+
| 4 |  3.373498  |   77.05444 |   49000   |   3.63 |
+---+------------+------------+-----------+--------+
| 4 |  2.730235  |   78.85721 |   49500   |   3.63 |
+---+------------+------------+-----------+--------+
| 4 |  2.621050  |   79.88246 |   50000   |   3.56 |
+---+------------+------------+-----------+--------+
| 4 |  3.030680  |   78.68571 |   50500   |   3.55 |
+---+------------+------------+-----------+--------+
| 4 |  3.019857  |   78.39162 |   51000   |   3.62 |
+---+------------+------------+-----------+--------+
| 4 |  2.821375  |   78.62880 |   51500   |   3.51 |
+---+------------+------------+-----------+--------+
| 4 |  3.191760  |   76.95019 |   52000   |   3.56 |
+---+------------+------------+-----------+--------+
| 4 |  3.948118  |   76.06182 |   52500   |   3.55 |
+---+------------+------------+-----------+--------+
| 4 |  3.138690  |   77.74648 |   53000   |   3.50 |
+---+------------+------------+-----------+--------+
| 4 |  3.040586  |   78.12997 |   53500   |   3.54 |
+---+------------+------------+-----------+--------+
| 4 |  2.760159  |   78.82604 |   54000   |   3.55 |
+---+------------+------------+-----------+--------+
| 4 |  3.603286  |   77.15038 |   54500   |   3.55 |
+---+------------+------------+-----------+--------+
| 4 |  2.790921  |   78.61174 |   55000   |   3.53 |
+---+------------+------------+-----------+--------+
| 4 |  3.329545  |   77.47440 |   55500   |   3.57 |
+---+------------+------------+-----------+--------+
| 4 |  3.520475  |   77.29563 |   56000   |   3.58 |
+---+------------+------------+-----------+--------+
| 4 |  3.859490  |   76.23195 |   56500   |   3.62 |
+---+------------+------------+-----------+--------+
| 4 |  3.865968  |   76.15569 |   57000   |   3.61 |
+---+------------+------------+-----------+--------+
| 4 |  3.871802  |   76.25057 |   57500   |   3.54 |
+---+------------+------------+-----------+--------+
| 4 |  3.588099  |   76.89229 |   58000   |   3.59 |
+---+------------+------------+-----------+--------+
| 4 |  3.440097  |   77.65605 |   58500   |   3.52 |
+---+------------+------------+-----------+--------+
| 4 |  2.694364  |   78.17478 |   59000   |   3.56 |
+---+------------+------------+-----------+--------+
| 4 |  3.417090  |   77.34554 |   59500   |   3.55 |
+---+------------+------------+-----------+--------+
| 5 |  3.020896  |   78.06128 |   60000   |   3.61 |
+---+------------+------------+-----------+--------+
| 5 |  2.956199  |   78.36310 |   60500   |   3.57 |
+---+------------+------------+-----------+--------+
| 5 |  3.757269  |   76.73778 |   61000   |   3.63 |
+---+------------+------------+-----------+--------+
| 5 |  3.090317  |   78.76136 |   61500   |   3.59 |
+---+------------+------------+-----------+--------+
| 5 |  2.964624  |   77.95693 |   62000   |   3.58 |
+---+------------+------------+-----------+--------+
| 5 |  4.113122  |   76.31791 |   62500   |   3.60 |
+---+------------+------------+-----------+--------+
| 5 |  3.683864  |   76.95973 |   63000   |   3.58 |
+---+------------+------------+-----------+--------+
| 5 |  3.090087  |   79.12984 |   63500   |   3.62 |
+---+------------+------------+-----------+--------+
| 5 |  4.142474  |   76.41906 |   64000   |   3.56 |
+---+------------+------------+-----------+--------+
| 5 |  3.487408  |   78.23651 |   64500   |   3.52 |
+---+------------+------------+-----------+--------+
| 5 |  3.495700  |   78.42045 |   65000   |   3.58 |
+---+------------+------------+-----------+--------+
| 5 |  2.966648  |   78.64056 |   65500   |   3.54 |
+---+------------+------------+-----------+--------+
| 5 |  3.514875  |   78.05841 |   66000   |   3.55 |
+---+------------+------------+-----------+--------+
| 5 |  3.434981  |   77.38868 |   66500   |   3.61 |
+---+------------+------------+-----------+--------+
| 5 |  3.591056  |   77.68201 |   67000   |   3.54 |
+---+------------+------------+-----------+--------+
| 5 |  3.455062  |   78.48738 |   67500   |   3.57 |
+---+------------+------------+-----------+--------+
| 5 |  3.522003  |   77.35337 |   68000   |   3.52 |
+---+------------+------------+-----------+--------+
| 5 |  3.432170  |   78.78822 |   68500   |   3.63 |
+---+------------+------------+-----------+--------+
| 5 |  3.695284  |   77.07832 |   69000   |   3.57 |
+---+------------+------------+-----------+--------+
| 5 |  3.641951  |   77.33973 |   69500   |   3.55 |
+---+------------+------------+-----------+--------+
| 5 |  3.246644  |   77.76776 |   70000   |   3.53 |
+---+------------+------------+-----------+--------+
| 5 |  3.166436  |   78.39721 |   70500   |   3.55 |
+---+------------+------------+-----------+--------+
| 5 |  2.983651  |   78.74930 |   71000   |   3.56 |
+---+------------+------------+-----------+--------+
| 5 |  3.528123  |   77.01371 |   71500   |   3.59 |
+---+------------+------------+-----------+--------+
| 5 |  3.873575  |   76.84487 |   72000   |   4.27 |
+---+------------+------------+-----------+--------+
| 5 |  3.513708  |   77.61059 |   72500   |   4.47 |
+---+------------+------------+-----------+--------+
| 5 |  3.820177  |   77.16921 |   73000   |   4.02 |
+---+------------+------------+-----------+--------+
| 5 |  3.137826  |   78.80361 |   73500   |   3.88 |
+---+------------+------------+-----------+--------+
| 5 |  3.074810  |   79.60295 |   74000   |   4.09 |
+---+------------+------------+-----------+--------+
| 5 |  3.184352  |   78.86780 |   74500   |   4.61 |
+---+------------+------------+-----------+--------+
| 5 |  3.106873  |   79.29161 |   74935   |   4.23 |
+---+------------+------------+-----------+--------+

Finished training in 579.85s