task:			pos
epochs:			5
embed_dim:		64
repr_dim:		64
lstm_dim1:		32
lstm_dim2:		32
representor:		a

learning_rate:		0.0005
Training...
This may take a while

+---+------------+------------+-----------+--------+
| i |  dev_loss  |  dev_accu  | sentences |  time  |
+---+------------+------------+-----------+--------+
| 1 |  67.875229  |   23.37489 |     500   |   4.14 |
+---+------------+------------+-----------+--------+
| 1 |  55.252430  |   36.05630 |    1000   |   4.18 |
+---+------------+------------+-----------+--------+
| 1 |  49.187432  |   37.57230 |    1500   |   4.07 |
+---+------------+------------+-----------+--------+
| 1 |  42.660586  |   50.67970 |    2000   |   4.19 |
+---+------------+------------+-----------+--------+
| 1 |  37.282272  |   56.55161 |    2500   |   5.62 |
+---+------------+------------+-----------+--------+
| 1 |  33.016386  |   61.41285 |    3000   |   4.35 |
+---+------------+------------+-----------+--------+
| 1 |  29.478794  |   66.52676 |    3500   |   4.70 |
+---+------------+------------+-----------+--------+
| 1 |  26.508435  |   69.01794 |    4000   |   4.87 |
+---+------------+------------+-----------+--------+
| 1 |  23.861810  |   72.04995 |    4500   |   4.17 |
+---+------------+------------+-----------+--------+
| 1 |  21.552144  |   76.29936 |    5000   |   4.09 |
+---+------------+------------+-----------+--------+
| 1 |  19.493508  |   78.79889 |    5500   |   4.17 |
+---+------------+------------+-----------+--------+
| 1 |  17.764796  |   80.88079 |    6000   |   4.12 |
+---+------------+------------+-----------+--------+
| 1 |  16.336083  |   82.08774 |    6500   |   4.45 |
+---+------------+------------+-----------+--------+
| 1 |  15.327874  |   83.17568 |    7000   |   4.87 |
+---+------------+------------+-----------+--------+
| 1 |  14.140817  |   84.32208 |    7500   |   4.48 |
+---+------------+------------+-----------+--------+
| 1 |  13.475530  |   84.89841 |    8000   |   4.52 |
+---+------------+------------+-----------+--------+
| 1 |  12.681821  |   85.67103 |    8500   |   4.23 |
+---+------------+------------+-----------+--------+
| 1 |  11.966081  |   86.46453 |    9000   |   4.15 |
+---+------------+------------+-----------+--------+
| 1 |  11.525397  |   86.67961 |    9500   |   4.42 |
+---+------------+------------+-----------+--------+
| 1 |  11.095001  |   87.26848 |   10000   |   4.27 |
+---+------------+------------+-----------+--------+
| 1 |  10.562498  |   87.68402 |   10500   |   4.21 |
+---+------------+------------+-----------+--------+
| 1 |  10.205392  |   88.23112 |   11000   |   4.21 |
+---+------------+------------+-----------+--------+
| 1 |  9.955367  |   88.60699 |   11500   |   4.12 |
+---+------------+------------+-----------+--------+
| 1 |  9.415227  |   89.00583 |   12000   |   4.17 |
+---+------------+------------+-----------+--------+
| 1 |  9.085475  |   89.49654 |   12500   |   4.19 |
+---+------------+------------+-----------+--------+
| 1 |  8.801488  |   89.88077 |   13000   |   4.18 |
+---+------------+------------+-----------+--------+
| 1 |  8.627956  |   90.01858 |   13500   |   4.19 |
+---+------------+------------+-----------+--------+
| 1 |  8.380757  |   90.28796 |   14000   |   4.23 |
+---+------------+------------+-----------+--------+
| 1 |  8.216762  |   90.39654 |   14500   |   4.19 |
+---+------------+------------+-----------+--------+
| 1 |  7.899912  |   90.81835 |   15000   |   4.23 |
+---+------------+------------+-----------+--------+
| 1 |  7.780476  |   90.73900 |   15500   |   4.21 |
+---+------------+------------+-----------+--------+
| 1 |  7.624486  |   91.12949 |   16000   |   4.14 |
+---+------------+------------+-----------+--------+
| 1 |  7.635145  |   90.97287 |   16500   |   4.25 |
+---+------------+------------+-----------+--------+
| 1 |  7.347357  |   91.39051 |   17000   |   4.24 |
+---+------------+------------+-----------+--------+
| 1 |  7.251569  |   91.49074 |   17500   |   4.20 |
+---+------------+------------+-----------+--------+
| 1 |  7.385098  |   91.30280 |   18000   |   4.20 |
+---+------------+------------+-----------+--------+
| 1 |  7.059409  |   91.69747 |   18500   |   4.25 |
+---+------------+------------+-----------+--------+
| 1 |  6.896112  |   91.95431 |   19000   |   4.23 |
+---+------------+------------+-----------+--------+
| 1 |  6.812737  |   92.01069 |   19500   |   4.23 |
+---+------------+------------+-----------+--------+
| 1 |  6.755253  |   92.09213 |   20000   |   4.18 |
+---+------------+------------+-----------+--------+
| 1 |  6.650190  |   92.22577 |   20500   |   4.23 |
+---+------------+------------+-----------+--------+
| 1 |  6.521058  |   92.26336 |   21000   |   4.19 |
+---+------------+------------+-----------+--------+
| 1 |  6.370346  |   92.36150 |   21500   |   4.20 |
+---+------------+------------+-----------+--------+
| 1 |  6.416304  |   92.30512 |   22000   |   4.19 |
+---+------------+------------+-----------+--------+
| 1 |  6.206793  |   92.58911 |   22500   |   4.18 |
+---+------------+------------+-----------+--------+
| 1 |  6.005424  |   92.73320 |   23000   |   4.16 |
+---+------------+------------+-----------+--------+
| 1 |  6.117216  |   92.70605 |   23500   |   4.19 |
+---+------------+------------+-----------+--------+
| 1 |  5.995016  |   92.62879 |   24000   |   4.23 |
+---+------------+------------+-----------+--------+
| 1 |  5.945194  |   92.81255 |   24500   |   4.21 |
+---+------------+------------+-----------+--------+
| 1 |  6.095038  |   92.78122 |   25000   |   4.19 |
+---+------------+------------+-----------+--------+
| 1 |  6.159579  |   92.53273 |   25500   |   4.23 |
+---+------------+------------+-----------+--------+
| 1 |  5.717169  |   93.18633 |   26000   |   4.21 |
+---+------------+------------+-----------+--------+
| 1 |  5.677926  |   93.16962 |   26500   |   4.24 |
+---+------------+------------+-----------+--------+
| 1 |  5.730786  |   93.11533 |   27000   |   4.18 |
+---+------------+------------+-----------+--------+
| 1 |  5.641535  |   93.20303 |   27500   |   4.20 |
+---+------------+------------+-----------+--------+
| 1 |  5.578215  |   93.25315 |   28000   |   4.26 |
+---+------------+------------+-----------+--------+
| 1 |  5.465678  |   93.45152 |   28500   |   4.20 |
+---+------------+------------+-----------+--------+
| 1 |  5.326320  |   93.62066 |   29000   |   4.20 |
+---+------------+------------+-----------+--------+
| 1 |  5.351521  |   93.60187 |   29500   |   4.15 |
+---+------------+------------+-----------+--------+
| 1 |  5.521432  |   93.33667 |   30000   |   4.22 |
+---+------------+------------+-----------+--------+
| 1 |  5.402961  |   93.52252 |   30500   |   4.22 |
+---+------------+------------+-----------+--------+
| 1 |  5.396941  |   93.48702 |   31000   |   4.23 |
+---+------------+------------+-----------+--------+
| 1 |  5.238668  |   93.67496 |   31500   |   4.19 |
+---+------------+------------+-----------+--------+
| 1 |  5.194686  |   93.72298 |   32000   |   4.27 |
+---+------------+------------+-----------+--------+
| 1 |  5.179870  |   93.62275 |   32500   |   4.27 |
+---+------------+------------+-----------+--------+
| 1 |  5.051207  |   93.86289 |   33000   |   4.21 |
+---+------------+------------+-----------+--------+
| 1 |  5.095389  |   93.80233 |   33500   |   4.23 |
+---+------------+------------+-----------+--------+
| 1 |  5.206392  |   93.77310 |   34000   |   4.23 |
+---+------------+------------+-----------+--------+
| 1 |  5.054723  |   93.89213 |   34500   |   4.18 |
+---+------------+------------+-----------+--------+
| 1 |  5.018827  |   93.99236 |   35000   |   4.21 |
+---+------------+------------+-----------+--------+
| 1 |  4.920509  |   94.11556 |   35500   |   4.27 |
+---+------------+------------+-----------+--------+
| 1 |  4.899027  |   93.96939 |   36000   |   4.23 |
+---+------------+------------+-----------+--------+
| 1 |  4.894178  |   94.05709 |   36500   |   4.16 |
+---+------------+------------+-----------+--------+
| 1 |  4.935890  |   94.11347 |   37000   |   4.22 |
+---+------------+------------+-----------+--------+
| 1 |  5.008635  |   94.12391 |   37500   |   4.20 |
+---+------------+------------+-----------+--------+
| 2 |  4.950042  |   94.15106 |   38000   |   4.25 |
+---+------------+------------+-----------+--------+
| 2 |  4.849778  |   94.14688 |   38500   |   4.28 |
+---+------------+------------+-----------+--------+
| 2 |  4.957763  |   94.13018 |   39000   |   4.20 |
+---+------------+------------+-----------+--------+
| 2 |  4.904217  |   94.21997 |   39500   |   4.14 |
+---+------------+------------+-----------+--------+
| 2 |  4.910577  |   94.23876 |   40000   |   4.14 |
+---+------------+------------+-----------+--------+
| 2 |  4.710008  |   94.35570 |   40500   |   4.15 |
+---+------------+------------+-----------+--------+
| 2 |  4.893119  |   94.27635 |   41000   |   4.19 |
+---+------------+------------+-----------+--------+
| 2 |  4.836698  |   94.28052 |   41500   |   4.20 |
+---+------------+------------+-----------+--------+
| 2 |  4.878419  |   94.29096 |   42000   |   4.15 |
+---+------------+------------+-----------+--------+
| 2 |  4.813082  |   94.32855 |   42500   |   4.18 |
+---+------------+------------+-----------+--------+
| 2 |  4.812088  |   94.32438 |   43000   |   4.17 |
+---+------------+------------+-----------+--------+
| 2 |  4.768662  |   94.35361 |   43500   |   4.19 |
+---+------------+------------+-----------+--------+
| 2 |  4.835747  |   94.32646 |   44000   |   4.27 |
+---+------------+------------+-----------+--------+
| 2 |  4.858649  |   94.33899 |   44500   |   4.17 |
+---+------------+------------+-----------+--------+
| 2 |  4.761015  |   94.49352 |   45000   |   4.30 |
+---+------------+------------+-----------+--------+
| 2 |  4.822842  |   94.44340 |   45500   |   4.88 |
+---+------------+------------+-----------+--------+
| 2 |  4.632046  |   94.69398 |   46000   |   4.44 |
+---+------------+------------+-----------+--------+
| 2 |  4.627815  |   94.63969 |   46500   |   4.31 |
+---+------------+------------+-----------+--------+
| 2 |  4.823118  |   94.52484 |   47000   |   4.16 |
+---+------------+------------+-----------+--------+
| 2 |  4.561095  |   94.64386 |   47500   |   4.16 |
+---+------------+------------+-----------+--------+
| 2 |  4.645448  |   94.57495 |   48000   |   4.17 |
+---+------------+------------+-----------+--------+
| 2 |  4.711278  |   94.56451 |   48500   |   4.14 |
+---+------------+------------+-----------+--------+
| 2 |  4.568825  |   94.66057 |   49000   |   4.21 |
+---+------------+------------+-----------+--------+
| 2 |  4.683841  |   94.62089 |   49500   |   4.18 |
+---+------------+------------+-----------+--------+
| 2 |  4.684229  |   94.53319 |   50000   |   4.17 |
+---+------------+------------+-----------+--------+
| 2 |  4.738810  |   94.56660 |   50500   |   4.16 |
+---+------------+------------+-----------+--------+
| 2 |  4.698959  |   94.72321 |   51000   |   4.32 |
+---+------------+------------+-----------+--------+
| 2 |  4.737728  |   94.69816 |   51500   |   4.42 |
+---+------------+------------+-----------+--------+
| 2 |  4.624334  |   94.69607 |   52000   |   4.23 |
+---+------------+------------+-----------+--------+
| 2 |  4.672539  |   94.64595 |   52500   |   4.20 |
+---+------------+------------+-----------+--------+
| 2 |  4.701873  |   94.65430 |   53000   |   4.23 |
+---+------------+------------+-----------+--------+
| 2 |  4.662163  |   94.87774 |   53500   |   4.25 |
+---+------------+------------+-----------+--------+
| 2 |  4.584604  |   94.83597 |   54000   |   4.24 |
+---+------------+------------+-----------+--------+
| 2 |  4.439248  |   94.91950 |   54500   |   4.23 |
+---+------------+------------+-----------+--------+
| 2 |  4.576901  |   94.73992 |   55000   |   4.16 |
+---+------------+------------+-----------+--------+
| 2 |  4.571152  |   94.77542 |   55500   |   4.20 |
+---+------------+------------+-----------+--------+
| 2 |  4.466012  |   94.83806 |   56000   |   4.23 |
+---+------------+------------+-----------+--------+
| 2 |  4.644788  |   94.78795 |   56500   |   4.23 |
+---+------------+------------+-----------+--------+
| 2 |  4.579301  |   94.75662 |   57000   |   4.18 |
+---+------------+------------+-----------+--------+
| 2 |  4.600457  |   94.86939 |   57500   |   4.17 |
+---+------------+------------+-----------+--------+
| 2 |  4.514315  |   94.95291 |   58000   |   4.21 |
+---+------------+------------+-----------+--------+
| 2 |  4.619142  |   94.80674 |   58500   |   4.20 |
+---+------------+------------+-----------+--------+
| 2 |  4.487595  |   94.87565 |   59000   |   4.24 |
+---+------------+------------+-----------+--------+
| 2 |  4.578850  |   94.80465 |   59500   |   4.18 |
+---+------------+------------+-----------+--------+
| 2 |  4.557268  |   94.94247 |   60000   |   4.21 |
+---+------------+------------+-----------+--------+
| 2 |  4.546704  |   94.96753 |   60500   |   4.23 |
+---+------------+------------+-----------+--------+
| 2 |  4.315064  |   95.16590 |   61000   |   4.27 |
+---+------------+------------+-----------+--------+
| 2 |  4.535708  |   94.86521 |   61500   |   4.21 |
+---+------------+------------+-----------+--------+
| 2 |  4.411087  |   95.10744 |   62000   |   4.21 |
+---+------------+------------+-----------+--------+
| 2 |  4.331544  |   95.05732 |   62500   |   4.20 |
+---+------------+------------+-----------+--------+
| 2 |  4.577301  |   94.86730 |   63000   |   4.21 |
+---+------------+------------+-----------+--------+
| 2 |  4.338996  |   94.93621 |   63500   |   4.21 |
+---+------------+------------+-----------+--------+
| 2 |  4.425036  |   94.98841 |   64000   |   4.22 |
+---+------------+------------+-----------+--------+
| 2 |  4.418473  |   95.01764 |   64500   |   4.25 |
+---+------------+------------+-----------+--------+
| 2 |  4.523648  |   94.99885 |   65000   |   4.19 |
+---+------------+------------+-----------+--------+
| 2 |  4.424492  |   95.07611 |   65500   |   4.24 |
+---+------------+------------+-----------+--------+
| 2 |  4.411722  |   95.10117 |   66000   |   4.27 |
+---+------------+------------+-----------+--------+
| 2 |  4.256110  |   95.23064 |   66500   |   4.16 |
+---+------------+------------+-----------+--------+
| 2 |  4.311968  |   95.13249 |   67000   |   4.18 |
+---+------------+------------+-----------+--------+
| 2 |  4.426597  |   95.08029 |   67500   |   4.20 |
+---+------------+------------+-----------+--------+
| 2 |  4.264734  |   95.17426 |   68000   |   4.22 |
+---+------------+------------+-----------+--------+
| 2 |  4.508223  |   94.98215 |   68500   |   4.17 |
+---+------------+------------+-----------+--------+
| 2 |  4.311621  |   95.18052 |   69000   |   4.17 |
+---+------------+------------+-----------+--------+
| 2 |  4.343861  |   95.12832 |   69500   |   4.20 |
+---+------------+------------+-----------+--------+
| 2 |  4.349059  |   95.19305 |   70000   |   4.23 |
+---+------------+------------+-----------+--------+
| 2 |  4.284617  |   95.21811 |   70500   |   4.27 |
+---+------------+------------+-----------+--------+
| 2 |  4.495239  |   95.01347 |   71000   |   4.17 |
+---+------------+------------+-----------+--------+
| 2 |  4.303829  |   95.13041 |   71500   |   4.19 |
+---+------------+------------+-----------+--------+
| 2 |  4.351469  |   95.16590 |   72000   |   4.21 |
+---+------------+------------+-----------+--------+
| 2 |  4.273382  |   95.25152 |   72500   |   4.19 |
+---+------------+------------+-----------+--------+
| 2 |  4.157445  |   95.33296 |   73000   |   4.26 |
+---+------------+------------+-----------+--------+
| 2 |  4.166896  |   95.35384 |   73500   |   4.30 |
+---+------------+------------+-----------+--------+
| 2 |  4.081500  |   95.28702 |   74000   |   4.21 |
+---+------------+------------+-----------+--------+
| 2 |  4.144197  |   95.30999 |   74500   |   4.24 |
+---+------------+------------+-----------+--------+
| 2 |  4.229154  |   95.43110 |   75000   |   4.17 |
+---+------------+------------+-----------+--------+
| 2 |  4.146834  |   95.37263 |   75500   |   4.17 |
+---+------------+------------+-----------+--------+
| 3 |  4.276800  |   95.32252 |   76000   |   4.16 |
+---+------------+------------+-----------+--------+
| 3 |  4.304987  |   95.42692 |   76500   |   4.28 |
+---+------------+------------+-----------+--------+
| 3 |  4.347644  |   95.30790 |   77000   |   4.19 |
+---+------------+------------+-----------+--------+
| 3 |  4.431759  |   95.20349 |   77500   |   4.21 |
+---+------------+------------+-----------+--------+
| 3 |  4.218517  |   95.38099 |   78000   |   4.24 |
+---+------------+------------+-----------+--------+
| 3 |  4.160263  |   95.42066 |   78500   |   4.18 |
+---+------------+------------+-----------+--------+
| 3 |  4.333843  |   95.35175 |   79000   |   4.21 |
+---+------------+------------+-----------+--------+
| 3 |  4.302749  |   95.39560 |   79500   |   4.20 |
+---+------------+------------+-----------+--------+
| 3 |  4.283889  |   95.37472 |   80000   |   4.25 |
+---+------------+------------+-----------+--------+
| 3 |  4.319110  |   95.38099 |   80500   |   4.27 |
+---+------------+------------+-----------+--------+
| 3 |  4.297921  |   95.36637 |   81000   |   4.17 |
+---+------------+------------+-----------+--------+
| 3 |  4.276587  |   95.35593 |   81500   |   4.22 |
+---+------------+------------+-----------+--------+
| 3 |  4.381216  |   95.25987 |   82000   |   4.27 |
+---+------------+------------+-----------+--------+
| 3 |  4.309509  |   95.36428 |   82500   |   4.21 |
+---+------------+------------+-----------+--------+
| 3 |  4.231573  |   95.43737 |   83000   |   4.19 |
+---+------------+------------+-----------+--------+
| 3 |  4.437929  |   95.19723 |   83500   |   4.21 |
+---+------------+------------+-----------+--------+
| 3 |  4.517022  |   95.28911 |   84000   |   4.26 |
+---+------------+------------+-----------+--------+
| 3 |  4.333494  |   95.34549 |   84500   |   4.20 |
+---+------------+------------+-----------+--------+
| 3 |  4.365477  |   95.42484 |   85000   |   4.20 |
+---+------------+------------+-----------+--------+
| 3 |  4.301553  |   95.37890 |   85500   |   4.15 |
+---+------------+------------+-----------+--------+
| 3 |  4.253528  |   95.48957 |   86000   |   4.21 |
+---+------------+------------+-----------+--------+
| 3 |  4.357952  |   95.37054 |   86500   |   4.11 |
+---+------------+------------+-----------+--------+
| 3 |  4.360954  |   95.37681 |   87000   |   4.17 |
+---+------------+------------+-----------+--------+
| 3 |  4.449546  |   95.14711 |   87500   |   4.22 |
+---+------------+------------+-----------+--------+
| 3 |  4.347743  |   95.29955 |   88000   |   4.21 |
+---+------------+------------+-----------+--------+
| 3 |  4.216196  |   95.40187 |   88500   |   4.23 |
+---+------------+------------+-----------+--------+
| 3 |  4.324202  |   95.44781 |   89000   |   4.23 |
+---+------------+------------+-----------+--------+
| 3 |  4.381564  |   95.45616 |   89500   |   4.25 |
+---+------------+------------+-----------+--------+
| 3 |  4.390513  |   95.38934 |   90000   |   4.20 |
+---+------------+------------+-----------+--------+
| 3 |  4.212512  |   95.45825 |   90500   |   4.17 |
+---+------------+------------+-----------+--------+
| 3 |  4.427208  |   95.28284 |   91000   |   4.21 |
+---+------------+------------+-----------+--------+
| 3 |  4.245260  |   95.45616 |   91500   |   4.30 |
+---+------------+------------+-----------+--------+
| 3 |  4.222643  |   95.47078 |   92000   |   4.64 |
+---+------------+------------+-----------+--------+
| 3 |  4.321460  |   95.42066 |   92500   |   4.55 |
+---+------------+------------+-----------+--------+
| 3 |  4.417898  |   95.37263 |   93000   |   4.43 |
+---+------------+------------+-----------+--------+
| 3 |  4.301668  |   95.36637 |   93500   |   4.22 |
+---+------------+------------+-----------+--------+
| 3 |  4.265682  |   95.48331 |   94000   |   4.16 |
+---+------------+------------+-----------+--------+
| 3 |  4.489592  |   95.40395 |   94500   |   4.14 |
+---+------------+------------+-----------+--------+
| 3 |  4.297110  |   95.53760 |   95000   |   4.18 |
+---+------------+------------+-----------+--------+
| 3 |  4.355093  |   95.47495 |   95500   |   4.14 |
+---+------------+------------+-----------+--------+
| 3 |  4.359977  |   95.44781 |   96000   |   4.18 |
+---+------------+------------+-----------+--------+
| 3 |  4.284469  |   95.51254 |   96500   |   4.19 |
+---+------------+------------+-----------+--------+
| 3 |  4.372852  |   95.44363 |   97000   |   4.14 |
+---+------------+------------+-----------+--------+
| 3 |  4.288221  |   95.55013 |   97500   |   4.19 |
+---+------------+------------+-----------+--------+
| 3 |  4.366441  |   95.40395 |   98000   |   4.15 |
+---+------------+------------+-----------+--------+
| 3 |  4.207883  |   95.53760 |   98500   |   4.11 |
+---+------------+------------+-----------+--------+
| 3 |  4.292645  |   95.50210 |   99000   |   4.17 |
+---+------------+------------+-----------+--------+
| 3 |  4.182085  |   95.66498 |   99500   |   4.21 |
+---+------------+------------+-----------+--------+
| 3 |  4.430538  |   95.39769 |   100000   |   4.16 |
+---+------------+------------+-----------+--------+
| 3 |  4.300630  |   95.53551 |   100500   |   4.16 |
+---+------------+------------+-----------+--------+
| 3 |  4.260795  |   95.51045 |   101000   |   4.15 |
+---+------------+------------+-----------+--------+
| 3 |  4.404416  |   95.51880 |   101500   |   4.19 |
+---+------------+------------+-----------+--------+
| 3 |  4.358400  |   95.49583 |   102000   |   4.18 |
+---+------------+------------+-----------+--------+
| 3 |  4.241599  |   95.50836 |   102500   |   4.19 |
+---+------------+------------+-----------+--------+
| 3 |  4.381819  |   95.48957 |   103000   |   4.21 |
+---+------------+------------+-----------+--------+
| 3 |  4.259044  |   95.47286 |   103500   |   4.23 |
+---+------------+------------+-----------+--------+
| 3 |  4.427666  |   95.42484 |   104000   |   4.16 |
+---+------------+------------+-----------+--------+
| 3 |  4.446185  |   95.45825 |   104500   |   4.20 |
+---+------------+------------+-----------+--------+
| 3 |  4.199618  |   95.62739 |   105000   |   4.13 |
+---+------------+------------+-----------+--------+
| 3 |  4.293322  |   95.51672 |   105500   |   4.14 |
+---+------------+------------+-----------+--------+
| 3 |  4.276712  |   95.56474 |   106000   |   4.12 |
+---+------------+------------+-----------+--------+
| 3 |  4.288820  |   95.65662 |   106500   |   4.14 |
+---+------------+------------+-----------+--------+
| 3 |  4.433611  |   95.41022 |   107000   |   4.18 |
+---+------------+------------+-----------+--------+
| 3 |  4.332017  |   95.50419 |   107500   |   4.15 |
+---+------------+------------+-----------+--------+
| 3 |  4.314439  |   95.44154 |   108000   |   4.18 |
+---+------------+------------+-----------+--------+
| 3 |  4.228967  |   95.46451 |   108500   |   4.16 |
+---+------------+------------+-----------+--------+
| 3 |  4.312112  |   95.56892 |   109000   |   4.13 |
+---+------------+------------+-----------+--------+
| 3 |  4.314024  |   95.58771 |   109500   |   4.15 |
+---+------------+------------+-----------+--------+
| 3 |  4.618032  |   95.49166 |   110000   |   4.13 |
+---+------------+------------+-----------+--------+
| 3 |  4.612530  |   95.41857 |   110500   |   4.17 |
+---+------------+------------+-----------+--------+
| 3 |  4.256779  |   95.60859 |   111000   |   4.13 |
+---+------------+------------+-----------+--------+
| 3 |  4.177566  |   95.69421 |   111500   |   4.15 |
+---+------------+------------+-----------+--------+
| 3 |  4.157819  |   95.70047 |   112000   |   4.17 |
+---+------------+------------+-----------+--------+
| 3 |  4.153339  |   95.65036 |   112500   |   4.17 |
+---+------------+------------+-----------+--------+
| 3 |  4.536489  |   95.50001 |   113000   |   4.27 |
+---+------------+------------+-----------+--------+
| 4 |  4.226294  |   95.65245 |   113500   |   4.22 |
+---+------------+------------+-----------+--------+
| 4 |  4.363234  |   95.56683 |   114000   |   4.13 |
+---+------------+------------+-----------+--------+
| 4 |  4.282330  |   95.57518 |   114500   |   4.16 |
+---+------------+------------+-----------+--------+
| 4 |  4.275103  |   95.70674 |   115000   |   4.15 |
+---+------------+------------+-----------+--------+
| 4 |  4.572390  |   95.48957 |   115500   |   4.18 |
+---+------------+------------+-----------+--------+
| 4 |  4.465306  |   95.62948 |   116000   |   4.16 |
+---+------------+------------+-----------+--------+
| 4 |  4.355846  |   95.57101 |   116500   |   4.13 |
+---+------------+------------+-----------+--------+
| 4 |  4.345024  |   95.62739 |   117000   |   4.14 |
+---+------------+------------+-----------+--------+
| 4 |  4.396501  |   95.57101 |   117500   |   4.15 |
+---+------------+------------+-----------+--------+
| 4 |  4.329556  |   95.63574 |   118000   |   4.17 |
+---+------------+------------+-----------+--------+
| 4 |  4.716546  |   95.17426 |   118500   |   4.17 |
+---+------------+------------+-----------+--------+
| 4 |  4.510400  |   95.54177 |   119000   |   4.17 |
+---+------------+------------+-----------+--------+
| 4 |  4.568941  |   95.56474 |   119500   |   4.16 |
+---+------------+------------+-----------+--------+
| 4 |  4.319008  |   95.65245 |   120000   |   4.20 |
+---+------------+------------+-----------+--------+
| 4 |  4.437441  |   95.57727 |   120500   |   4.19 |
+---+------------+------------+-----------+--------+
| 4 |  4.518610  |   95.63992 |   121000   |   4.16 |
+---+------------+------------+-----------+--------+
| 4 |  4.588658  |   95.61277 |   121500   |   4.19 |
+---+------------+------------+-----------+--------+
| 4 |  4.565251  |   95.48957 |   122000   |   4.20 |
+---+------------+------------+-----------+--------+
| 4 |  4.480276  |   95.60651 |   122500   |   4.19 |
+---+------------+------------+-----------+--------+
| 4 |  4.572010  |   95.58354 |   123000   |   4.18 |
+---+------------+------------+-----------+--------+
| 4 |  4.492674  |   95.61486 |   123500   |   4.09 |
+---+------------+------------+-----------+--------+
| 4 |  4.600784  |   95.47913 |   124000   |   4.15 |
+---+------------+------------+-----------+--------+
| 4 |  4.297724  |   95.63365 |   124500   |   4.14 |
+---+------------+------------+-----------+--------+
| 4 |  4.317116  |   95.73388 |   125000   |   4.13 |
+---+------------+------------+-----------+--------+
| 4 |  4.395019  |   95.59398 |   125500   |   4.15 |
+---+------------+------------+-----------+--------+
| 4 |  4.332156  |   95.62948 |   126000   |   4.14 |
+---+------------+------------+-----------+--------+
| 4 |  4.386670  |   95.56474 |   126500   |   4.15 |
+---+------------+------------+-----------+--------+
| 4 |  4.521305  |   95.50627 |   127000   |   4.14 |
+---+------------+------------+-----------+--------+
| 4 |  4.449931  |   95.64618 |   127500   |   4.17 |
+---+------------+------------+-----------+--------+
| 4 |  4.505660  |   95.64618 |   128000   |   4.17 |
+---+------------+------------+-----------+--------+
| 4 |  4.601378  |   95.61068 |   128500   |   4.15 |
+---+------------+------------+-----------+--------+
| 4 |  4.664419  |   95.48957 |   129000   |   4.08 |
+---+------------+------------+-----------+--------+
| 4 |  4.509179  |   95.54804 |   129500   |   4.16 |
+---+------------+------------+-----------+--------+
| 4 |  4.329462  |   95.70465 |   130000   |   4.15 |
+---+------------+------------+-----------+--------+
| 4 |  4.519189  |   95.64409 |   130500   |   4.58 |
+---+------------+------------+-----------+--------+
| 4 |  4.318621  |   95.73388 |   131000   |   4.67 |
+---+------------+------------+-----------+--------+
| 4 |  4.400314  |   95.62112 |   131500   |   4.41 |
+---+------------+------------+-----------+--------+
| 4 |  4.293998  |   95.73388 |   132000   |   4.86 |
+---+------------+------------+-----------+--------+
| 4 |  4.460082  |   95.68168 |   132500   |   4.45 |
+---+------------+------------+-----------+--------+
| 4 |  4.580994  |   95.58771 |   133000   |   4.22 |
+---+------------+------------+-----------+--------+
| 4 |  4.561749  |   95.66915 |   133500   |   4.89 |
+---+------------+------------+-----------+--------+
| 4 |  4.474102  |   95.64409 |   134000   |   4.38 |
+---+------------+------------+-----------+--------+
| 4 |  4.423917  |   95.61904 |   134500   |   4.58 |
+---+------------+------------+-----------+--------+
| 4 |  4.343325  |   95.70047 |   135000   |   4.23 |
+---+------------+------------+-----------+--------+
| 4 |  4.543570  |   95.64618 |   135500   |   4.37 |
+---+------------+------------+-----------+--------+
| 4 |  4.539224  |   95.58771 |   136000   |   4.25 |
+---+------------+------------+-----------+--------+
| 4 |  4.587008  |   95.63156 |   136500   |   4.38 |
+---+------------+------------+-----------+--------+
| 4 |  4.429893  |   95.63574 |   137000   |   4.19 |
+---+------------+------------+-----------+--------+
| 4 |  4.475493  |   95.61277 |   137500   |   4.05 |
+---+------------+------------+-----------+--------+
| 4 |  4.312186  |   95.79235 |   138000   |   4.06 |
+---+------------+------------+-----------+--------+
| 4 |  4.419632  |   95.82576 |   138500   |   4.00 |
+---+------------+------------+-----------+--------+
| 4 |  4.513416  |   95.67333 |   139000   |   4.11 |
+---+------------+------------+-----------+--------+
| 4 |  4.435124  |   95.84038 |   139500   |   4.13 |
+---+------------+------------+-----------+--------+
| 4 |  4.462333  |   95.78818 |   140000   |   4.07 |
+---+------------+------------+-----------+--------+
| 4 |  4.673160  |   95.71718 |   140500   |   4.23 |
+---+------------+------------+-----------+--------+
| 4 |  4.386835  |   95.52507 |   141000   |   4.42 |
+---+------------+------------+-----------+--------+
| 4 |  4.366798  |   95.79444 |   141500   |   4.34 |
+---+------------+------------+-----------+--------+
| 4 |  4.452535  |   95.69630 |   142000   |   4.98 |
+---+------------+------------+-----------+--------+
| 4 |  4.309584  |   95.72344 |   142500   |   4.80 |
+---+------------+------------+-----------+--------+
| 4 |  4.365734  |   95.69421 |   143000   |   4.10 |
+---+------------+------------+-----------+--------+
| 4 |  4.585025  |   95.47913 |   143500   |   4.08 |
+---+------------+------------+-----------+--------+
| 4 |  4.506066  |   95.59607 |   144000   |   4.67 |
+---+------------+------------+-----------+--------+
| 4 |  4.432596  |   95.68377 |   144500   |   4.11 |
+---+------------+------------+-----------+--------+
| 4 |  4.461858  |   95.61486 |   145000   |   4.19 |
+---+------------+------------+-----------+--------+
| 4 |  4.486625  |   95.65453 |   145500   |   4.06 |
+---+------------+------------+-----------+--------+
| 4 |  4.396697  |   95.72762 |   146000   |   4.09 |
+---+------------+------------+-----------+--------+
| 4 |  4.843288  |   95.47704 |   146500   |   4.80 |
+---+------------+------------+-----------+--------+
| 4 |  4.335571  |   95.63574 |   147000   |   4.47 |
+---+------------+------------+-----------+--------+
| 4 |  4.389685  |   95.58354 |   147500   |   4.46 |
+---+------------+------------+-----------+--------+
| 4 |  4.431043  |   95.62739 |   148000   |   4.69 |
+---+------------+------------+-----------+--------+
| 4 |  4.285453  |   95.71509 |   148500   |   4.81 |
+---+------------+------------+-----------+--------+
| 4 |  4.441115  |   95.49792 |   149000   |   4.91 |
+---+------------+------------+-----------+--------+
| 4 |  4.311122  |   95.70465 |   149500   |   4.13 |
+---+------------+------------+-----------+--------+
| 4 |  4.350135  |   95.71509 |   150000   |   4.30 |
+---+------------+------------+-----------+--------+
| 4 |  4.393925  |   95.66706 |   150500   |   4.03 |
+---+------------+------------+-----------+--------+
| 4 |  4.426456  |   95.79026 |   151000   |   4.17 |
+---+------------+------------+-----------+--------+
| 5 |  4.281949  |   95.81115 |   151500   |   4.17 |
+---+------------+------------+-----------+--------+
| 5 |  4.472680  |   95.62739 |   152000   |   4.05 |
+---+------------+------------+-----------+--------+
| 5 |  4.413636  |   95.72136 |   152500   |   4.02 |
+---+------------+------------+-----------+--------+
| 5 |  4.916623  |   95.57310 |   153000   |   4.05 |
+---+------------+------------+-----------+--------+
| 5 |  4.367047  |   95.67542 |   153500   |   4.05 |
+---+------------+------------+-----------+--------+
| 5 |  4.385048  |   95.72762 |   154000   |   4.05 |
+---+------------+------------+-----------+--------+
| 5 |  4.460335  |   95.67542 |   154500   |   4.06 |
+---+------------+------------+-----------+--------+
| 5 |  4.452009  |   95.74641 |   155000   |   4.12 |
+---+------------+------------+-----------+--------+
| 5 |  4.452925  |   95.72136 |   155500   |   4.04 |
+---+------------+------------+-----------+--------+
| 5 |  4.501813  |   95.76103 |   156000   |   4.06 |
+---+------------+------------+-----------+--------+
| 5 |  4.451856  |   95.75894 |   156500   |   4.03 |
+---+------------+------------+-----------+--------+
| 5 |  4.332881  |   95.79653 |   157000   |   4.03 |
+---+------------+------------+-----------+--------+
| 5 |  4.611380  |   95.62321 |   157500   |   4.00 |
+---+------------+------------+-----------+--------+
| 5 |  4.560420  |   95.67959 |   158000   |   4.05 |
+---+------------+------------+-----------+--------+
| 5 |  4.431144  |   95.68586 |   158500   |   4.05 |
+---+------------+------------+-----------+--------+
| 5 |  4.458650  |   95.70883 |   159000   |   4.03 |
+---+------------+------------+-----------+--------+
| 5 |  4.630790  |   95.67333 |   159500   |   3.98 |
+---+------------+------------+-----------+--------+
| 5 |  4.755655  |   95.61486 |   160000   |   3.99 |
+---+------------+------------+-----------+--------+
| 5 |  4.629629  |   95.69839 |   160500   |   4.78 |
+---+------------+------------+-----------+--------+
| 5 |  4.549416  |   95.71509 |   161000   |   4.13 |
+---+------------+------------+-----------+--------+
| 5 |  4.519672  |   95.75268 |   161500   |   4.13 |
+---+------------+------------+-----------+--------+
| 5 |  4.572857  |   95.69630 |   162000   |   4.17 |
+---+------------+------------+-----------+--------+
| 5 |  4.783821  |   95.60859 |   162500   |   4.16 |
+---+------------+------------+-----------+--------+
| 5 |  4.455140  |   95.71091 |   163000   |   4.27 |
+---+------------+------------+-----------+--------+
| 5 |  4.485243  |   95.75477 |   163500   |   4.56 |
+---+------------+------------+-----------+--------+
| 5 |  4.540932  |   95.75477 |   164000   |   4.41 |
+---+------------+------------+-----------+--------+
| 5 |  4.651883  |   95.70674 |   164500   |   4.67 |
+---+------------+------------+-----------+--------+
| 5 |  4.634716  |   95.74224 |   165000   |   4.35 |
+---+------------+------------+-----------+--------+
| 5 |  4.779245  |   95.66706 |   165500   |   4.43 |
+---+------------+------------+-----------+--------+
| 5 |  4.552331  |   95.69003 |   166000   |   4.37 |
+---+------------+------------+-----------+--------+
| 5 |  4.949621  |   95.67333 |   166500   |   4.03 |
+---+------------+------------+-----------+--------+
| 5 |  4.829019  |   95.71509 |   167000   |   4.17 |
+---+------------+------------+-----------+--------+
| 5 |  4.505919  |   95.79026 |   167500   |   4.32 |
+---+------------+------------+-----------+--------+
| 5 |  4.531073  |   95.74433 |   168000   |   4.31 |
+---+------------+------------+-----------+--------+
| 5 |  4.632726  |   95.77356 |   168500   |   4.19 |
+---+------------+------------+-----------+--------+
| 5 |  4.592375  |   95.81323 |   169000   |   4.06 |
+---+------------+------------+-----------+--------+
| 5 |  4.624131  |   95.67333 |   169500   |   4.06 |
+---+------------+------------+-----------+--------+
| 5 |  4.509794  |   95.70674 |   170000   |   4.00 |
+---+------------+------------+-----------+--------+
| 5 |  4.809153  |   95.47286 |   170500   |   4.14 |
+---+------------+------------+-----------+--------+
| 5 |  4.532412  |   95.75059 |   171000   |   4.60 |
+---+------------+------------+-----------+--------+
| 5 |  4.497388  |   95.74224 |   171500   |   4.19 |
+---+------------+------------+-----------+--------+
| 5 |  4.666583  |   95.67333 |   172000   |   4.00 |
+---+------------+------------+-----------+--------+
| 5 |  4.554575  |   95.80697 |   172500   |   4.07 |
+---+------------+------------+-----------+--------+
| 5 |  4.398374  |   95.75894 |   173000   |   4.17 |
+---+------------+------------+-----------+--------+
| 5 |  4.539061  |   95.67959 |   173500   |   4.11 |
+---+------------+------------+-----------+--------+
| 5 |  4.740273  |   95.62530 |   174000   |   4.64 |
+---+------------+------------+-----------+--------+
| 5 |  4.654043  |   95.69212 |   174500   |   5.20 |
+---+------------+------------+-----------+--------+
| 5 |  4.674842  |   95.77774 |   175000   |   4.37 |
+---+------------+------------+-----------+--------+
| 5 |  4.449017  |   95.76521 |   175500   |   4.36 |
+---+------------+------------+-----------+--------+
| 5 |  4.609230  |   95.78818 |   176000   |   4.37 |
+---+------------+------------+-----------+--------+
| 5 |  4.598203  |   95.70674 |   176500   |   4.61 |
+---+------------+------------+-----------+--------+
| 5 |  4.520911  |   95.74015 |   177000   |   4.55 |
+---+------------+------------+-----------+--------+
| 5 |  4.592567  |   95.71718 |   177500   |   4.50 |
+---+------------+------------+-----------+--------+
| 5 |  4.539911  |   95.76312 |   178000   |   4.54 |
+---+------------+------------+-----------+--------+
| 5 |  4.576237  |   95.75685 |   178500   |   4.46 |
+---+------------+------------+-----------+--------+
| 5 |  4.620782  |   95.65662 |   179000   |   4.45 |
+---+------------+------------+-----------+--------+
| 5 |  4.501199  |   95.87797 |   179500   |   4.39 |
+---+------------+------------+-----------+--------+
| 5 |  4.633278  |   95.77565 |   180000   |   4.45 |
+---+------------+------------+-----------+--------+
| 5 |  4.711363  |   95.74641 |   180500   |   4.39 |
+---+------------+------------+-----------+--------+
| 5 |  4.821489  |   95.72344 |   181000   |   4.99 |
+---+------------+------------+-----------+--------+
| 5 |  4.472566  |   95.80697 |   181500   |   4.94 |
+---+------------+------------+-----------+--------+
| 5 |  4.725536  |   95.78609 |   182000   |   4.70 |
+---+------------+------------+-----------+--------+
| 5 |  4.680916  |   95.67333 |   182500   |   4.82 |
+---+------------+------------+-----------+--------+
| 5 |  4.536673  |   95.85082 |   183000   |   4.83 |
+---+------------+------------+-----------+--------+
| 5 |  4.669044  |   95.80279 |   183500   |   4.77 |
+---+------------+------------+-----------+--------+
| 5 |  4.578646  |   95.79444 |   184000   |   4.93 |
+---+------------+------------+-----------+--------+
| 5 |  4.740019  |   95.63156 |   184500   |   4.98 |
+---+------------+------------+-----------+--------+
| 5 |  4.724748  |   95.69421 |   185000   |   4.73 |
+---+------------+------------+-----------+--------+
| 5 |  4.539470  |   95.70047 |   185500   |   4.81 |
+---+------------+------------+-----------+--------+
| 5 |  4.594373  |   95.77147 |   186000   |   4.75 |
+---+------------+------------+-----------+--------+
| 5 |  4.893796  |   95.61486 |   186500   |   4.78 |
+---+------------+------------+-----------+--------+
| 5 |  4.629421  |   95.79444 |   187000   |   4.84 |
+---+------------+------------+-----------+--------+
| 5 |  4.684403  |   95.81741 |   187500   |   4.80 |
+---+------------+------------+-----------+--------+
| 5 |  4.637046  |   95.77356 |   188000   |   4.81 |
+---+------------+------------+-----------+--------+
| 5 |  4.702721  |   95.72344 |   188500   |   4.84 |
+---+------------+------------+-----------+--------+
| 5 |  4.552073  |   95.81323 |   189000   |   4.74 |
+---+------------+------------+-----------+--------+
| 5 |  4.552839  |   95.84038 |   189160   |   3.60 |
+---+------------+------------+-----------+--------+

Finished training in 1617.28s