task:			ner
epochs:			5
embed_dim:		64
repr_dim:		64
lstm_dim1:		32
lstm_dim2:		32
representor:		a

learning_rate:		0.0005
Training...
This may take a while

+---+------------+------------+-----------+--------+
| i |  dev_loss  |  dev_accu  | sentences |  time  |
+---+------------+------------+-----------+--------+
| 1 |  10.302377  |    0.02322 |     500   |   6.48 |
+---+------------+------------+-----------+--------+
| 1 |  9.408477  |    0.80404 |    1000   |   5.80 |
+---+------------+------------+-----------+--------+
| 1 |  8.414332  |    1.59502 |    1500   |   6.32 |
+---+------------+------------+-----------+--------+
| 1 |  7.411474  |    8.53659 |    2000   |   6.14 |
+---+------------+------------+-----------+--------+
| 1 |  6.733407  |   20.45920 |    2500   |   6.42 |
+---+------------+------------+-----------+--------+
| 1 |  6.063947  |   28.73528 |    3000   |   6.51 |
+---+------------+------------+-----------+--------+
| 1 |  5.710239  |   30.35086 |    3500   |   6.86 |
+---+------------+------------+-----------+--------+
| 1 |  5.644466  |   32.09144 |    4000   |   6.75 |
+---+------------+------------+-----------+--------+
| 1 |  5.055007  |   40.22163 |    4500   |   6.89 |
+---+------------+------------+-----------+--------+
| 1 |  4.964084  |   37.12575 |    5000   |   6.74 |
+---+------------+------------+-----------+--------+
| 1 |  4.904931  |   41.23986 |    5500   |   7.00 |
+---+------------+------------+-----------+--------+
| 1 |  4.720406  |   42.24315 |    6000   |   6.78 |
+---+------------+------------+-----------+--------+
| 1 |  5.344130  |   40.24650 |    6500   |   6.59 |
+---+------------+------------+-----------+--------+
| 1 |  4.448054  |   44.58998 |    7000   |   7.72 |
+---+------------+------------+-----------+--------+
| 1 |  4.172923  |   49.49825 |    7500   |   6.70 |
+---+------------+------------+-----------+--------+
| 1 |  4.104977  |   50.26613 |    8000   |   7.07 |
+---+------------+------------+-----------+--------+
| 1 |  4.093796  |   51.65923 |    8500   |   6.81 |
+---+------------+------------+-----------+--------+
| 1 |  4.202179  |   49.92181 |    9000   |   6.68 |
+---+------------+------------+-----------+--------+
| 1 |  4.014758  |   52.50814 |    9500   |   6.60 |
+---+------------+------------+-----------+--------+
| 1 |  3.669346  |   56.96930 |   10000   |   6.47 |
+---+------------+------------+-----------+--------+
| 1 |  3.722952  |   58.47318 |   10500   |   6.05 |
+---+------------+------------+-----------+--------+
| 1 |  3.612249  |   58.02469 |   11000   |   6.14 |
+---+------------+------------+-----------+--------+
| 1 |  4.163312  |   56.61664 |   11500   |   6.36 |
+---+------------+------------+-----------+--------+
| 1 |  3.490866  |   58.38468 |   12000   |   6.86 |
+---+------------+------------+-----------+--------+
| 1 |  3.181613  |   62.59185 |   12500   |   6.62 |
+---+------------+------------+-----------+--------+
| 1 |  3.316378  |   62.18311 |   13000   |   7.30 |
+---+------------+------------+-----------+--------+
| 1 |  3.193511  |   65.66071 |   13500   |   7.51 |
+---+------------+------------+-----------+--------+
| 1 |  3.156404  |   64.06761 |   14000   |   7.44 |
+---+------------+------------+-----------+--------+
| 1 |  3.222192  |   63.57548 |   14500   |   7.33 |
+---+------------+------------+-----------+--------+
| 2 |  3.127903  |   67.01917 |   15000   |   7.34 |
+---+------------+------------+-----------+--------+
| 2 |  3.368543  |   66.28617 |   15500   |   7.50 |
+---+------------+------------+-----------+--------+
| 2 |  2.904021  |   69.09852 |   16000   |   7.53 |
+---+------------+------------+-----------+--------+
| 2 |  2.815838  |   69.18246 |   16500   |   6.81 |
+---+------------+------------+-----------+--------+
| 2 |  2.811848  |   69.35085 |   17000   |   7.26 |
+---+------------+------------+-----------+--------+
| 2 |  3.374113  |   68.19732 |   17500   |   7.37 |
+---+------------+------------+-----------+--------+
| 2 |  2.861668  |   70.17134 |   18000   |   6.77 |
+---+------------+------------+-----------+--------+
| 2 |  2.778946  |   71.15764 |   18500   |   6.94 |
+---+------------+------------+-----------+--------+
| 2 |  2.734770  |   71.52333 |   19000   |   6.84 |
+---+------------+------------+-----------+--------+
| 2 |  3.166914  |   69.32452 |   19500   |   6.32 |
+---+------------+------------+-----------+--------+
| 2 |  2.808954  |   72.20404 |   20000   |   6.65 |
+---+------------+------------+-----------+--------+
| 2 |  3.151994  |   70.24407 |   20500   |   6.41 |
+---+------------+------------+-----------+--------+
| 2 |  3.330727  |   67.45143 |   21000   |   6.59 |
+---+------------+------------+-----------+--------+
| 2 |  2.853175  |   71.30228 |   21500   |   6.69 |
+---+------------+------------+-----------+--------+
| 2 |  2.606665  |   73.96091 |   22000   |   6.66 |
+---+------------+------------+-----------+--------+
| 2 |  3.779949  |   69.55576 |   22500   |   7.60 |
+---+------------+------------+-----------+--------+
| 2 |  2.787451  |   73.75790 |   23000   |   7.95 |
+---+------------+------------+-----------+--------+
| 2 |  2.855075  |   73.48959 |   23500   |   7.28 |
+---+------------+------------+-----------+--------+
| 2 |  2.877576  |   73.39795 |   24000   |   7.63 |
+---+------------+------------+-----------+--------+
| 2 |  2.562199  |   75.74573 |   24500   |   7.42 |
+---+------------+------------+-----------+--------+
| 2 |  2.554663  |   75.46697 |   25000   |   7.08 |
+---+------------+------------+-----------+--------+
| 2 |  2.442604  |   75.49654 |   25500   |   7.50 |
+---+------------+------------+-----------+--------+
| 2 |  2.692832  |   73.85509 |   26000   |   7.18 |
+---+------------+------------+-----------+--------+
| 2 |  3.918568  |   69.86854 |   26500   |   6.96 |
+---+------------+------------+-----------+--------+
| 2 |  3.026663  |   72.96525 |   27000   |   6.89 |
+---+------------+------------+-----------+--------+
| 2 |  2.457900  |   76.51644 |   27500   |   6.62 |
+---+------------+------------+-----------+--------+
| 2 |  2.389859  |   74.88655 |   28000   |   6.24 |
+---+------------+------------+-----------+--------+
| 2 |  2.432289  |   74.70615 |   28500   |   6.29 |
+---+------------+------------+-----------+--------+
| 2 |  2.322831  |   77.16998 |   29000   |   6.19 |
+---+------------+------------+-----------+--------+
| 2 |  2.551011  |   76.74419 |   29500   |   6.43 |
+---+------------+------------+-----------+--------+
| 3 |  2.798815  |   75.26709 |   30000   |   6.67 |
+---+------------+------------+-----------+--------+
| 3 |  3.085653  |   75.18685 |   30500   |   6.62 |
+---+------------+------------+-----------+--------+
| 3 |  2.738489  |   76.27370 |   31000   |   6.79 |
+---+------------+------------+-----------+--------+
| 3 |  2.417225  |   78.18468 |   31500   |   6.97 |
+---+------------+------------+-----------+--------+
| 3 |  2.490036  |   77.27068 |   32000   |   6.94 |
+---+------------+------------+-----------+--------+
| 3 |  2.891333  |   76.26517 |   32500   |   6.84 |
+---+------------+------------+-----------+--------+
| 3 |  2.530831  |   78.61600 |   33000   |   6.97 |
+---+------------+------------+-----------+--------+
| 3 |  2.521317  |   78.22006 |   33500   |   6.88 |
+---+------------+------------+-----------+--------+
| 3 |  2.697168  |   77.68445 |   34000   |   7.47 |
+---+------------+------------+-----------+--------+
| 3 |  2.449778  |   78.85547 |   34500   |   7.15 |
+---+------------+------------+-----------+--------+
| 3 |  2.403752  |   78.05879 |   35000   |   6.66 |
+---+------------+------------+-----------+--------+
| 3 |  3.177718  |   75.32959 |   35500   |   6.76 |
+---+------------+------------+-----------+--------+
| 3 |  2.414547  |   79.11166 |   36000   |   6.35 |
+---+------------+------------+-----------+--------+
| 3 |  2.411201  |   78.99786 |   36500   |   6.28 |
+---+------------+------------+-----------+--------+
| 3 |  3.038613  |   76.53714 |   37000   |   6.49 |
+---+------------+------------+-----------+--------+
| 3 |  2.900549  |   76.74179 |   37500   |   7.50 |
+---+------------+------------+-----------+--------+
| 3 |  2.713066  |   78.55839 |   38000   |   8.72 |
+---+------------+------------+-----------+--------+
| 3 |  2.801553  |   77.59308 |   38500   |   7.16 |
+---+------------+------------+-----------+--------+
| 3 |  2.635413  |   78.83729 |   39000   |   7.87 |
+---+------------+------------+-----------+--------+
| 3 |  2.814816  |   78.16524 |   39500   |   7.25 |
+---+------------+------------+-----------+--------+
| 3 |  2.499127  |   79.43343 |   40000   |   6.48 |
+---+------------+------------+-----------+--------+
| 3 |  3.138274  |   74.81091 |   40500   |   6.38 |
+---+------------+------------+-----------+--------+
| 3 |  2.323472  |   78.94969 |   41000   |   6.28 |
+---+------------+------------+-----------+--------+
| 3 |  3.202870  |   77.24928 |   41500   |   6.27 |
+---+------------+------------+-----------+--------+
| 3 |  2.424706  |   79.50526 |   42000   |   7.21 |
+---+------------+------------+-----------+--------+
| 3 |  3.482147  |   73.95264 |   42500   |   7.25 |
+---+------------+------------+-----------+--------+
| 3 |  2.669164  |   78.32025 |   43000   |   6.84 |
+---+------------+------------+-----------+--------+
| 3 |  3.120310  |   77.32385 |   43500   |   6.62 |
+---+------------+------------+-----------+--------+
| 3 |  3.544307  |   74.98851 |   44000   |   6.41 |
+---+------------+------------+-----------+--------+
| 3 |  2.342672  |   80.13961 |   44500   |   6.83 |
+---+------------+------------+-----------+--------+
| 4 |  3.087364  |   75.69922 |   45000   |   6.44 |
+---+------------+------------+-----------+--------+
| 4 |  2.725422  |   78.77579 |   45500   |   7.11 |
+---+------------+------------+-----------+--------+
| 4 |  2.510671  |   80.05190 |   46000   |   6.73 |
+---+------------+------------+-----------+--------+
| 4 |  2.753810  |   80.32842 |   46500   |   6.92 |
+---+------------+------------+-----------+--------+
| 4 |  3.470534  |   76.19590 |   47000   |   6.69 |
+---+------------+------------+-----------+--------+
| 4 |  3.102867  |   77.99726 |   47500   |   6.52 |
+---+------------+------------+-----------+--------+
| 4 |  2.646227  |   79.55160 |   48000   |   6.41 |
+---+------------+------------+-----------+--------+
| 4 |  2.717137  |   78.45397 |   48500   |   6.23 |
+---+------------+------------+-----------+--------+
| 4 |  2.905699  |   78.69742 |   49000   |   6.34 |
+---+------------+------------+-----------+--------+
| 4 |  3.286967  |   77.57361 |   49500   |   6.89 |
+---+------------+------------+-----------+--------+
| 4 |  3.137326  |   78.01201 |   50000   |   6.92 |
+---+------------+------------+-----------+--------+
| 4 |  3.329091  |   78.37529 |   50500   |   6.79 |
+---+------------+------------+-----------+--------+
| 4 |  2.881279  |   78.55376 |   51000   |   6.19 |
+---+------------+------------+-----------+--------+
| 4 |  2.763792  |   79.21035 |   51500   |   5.94 |
+---+------------+------------+-----------+--------+
| 4 |  2.730875  |   79.42173 |   52000   |   6.31 |
+---+------------+------------+-----------+--------+
| 4 |  2.461911  |   80.49410 |   52500   |   6.61 |
+---+------------+------------+-----------+--------+
| 4 |  2.797540  |   79.35396 |   53000   |   6.81 |
+---+------------+------------+-----------+--------+
| 4 |  3.139644  |   76.70186 |   53500   |   6.51 |
+---+------------+------------+-----------+--------+
| 4 |  3.911945  |   75.92677 |   54000   |   6.82 |
+---+------------+------------+-----------+--------+
| 4 |  2.615698  |   79.21025 |   54500   |   6.65 |
+---+------------+------------+-----------+--------+
| 4 |  2.922244  |   79.32018 |   55000   |   6.60 |
+---+------------+------------+-----------+--------+
| 4 |  3.174073  |   78.69416 |   55500   |   7.44 |
+---+------------+------------+-----------+--------+
| 4 |  3.199943  |   78.43540 |   56000   |   6.56 |
+---+------------+------------+-----------+--------+
| 4 |  2.975154  |   80.07045 |   56500   |   6.73 |
+---+------------+------------+-----------+--------+
| 4 |  2.598596  |   80.12129 |   57000   |   6.31 |
+---+------------+------------+-----------+--------+
| 4 |  4.339737  |   75.87593 |   57500   |   6.56 |
+---+------------+------------+-----------+--------+
| 4 |  3.944438  |   76.96197 |   58000   |   7.13 |
+---+------------+------------+-----------+--------+
| 4 |  2.673101  |   79.67471 |   58500   |   6.46 |
+---+------------+------------+-----------+--------+
| 4 |  3.597276  |   77.79437 |   59000   |   6.11 |
+---+------------+------------+-----------+--------+
| 4 |  2.718648  |   79.96847 |   59500   |   6.35 |
+---+------------+------------+-----------+--------+
| 5 |  3.695750  |   77.87468 |   60000   |   6.28 |
+---+------------+------------+-----------+--------+
| 5 |  3.140529  |   79.00855 |   60500   |   6.44 |
+---+------------+------------+-----------+--------+
| 5 |  4.069700  |   77.30139 |   61000   |   6.52 |
+---+------------+------------+-----------+--------+
| 5 |  2.918260  |   79.40911 |   61500   |   6.17 |
+---+------------+------------+-----------+--------+
| 5 |  2.997430  |   80.01362 |   62000   |   6.20 |
+---+------------+------------+-----------+--------+
| 5 |  2.892622  |   80.56469 |   62500   |   6.58 |
+---+------------+------------+-----------+--------+
| 5 |  2.849161  |   80.46249 |   63000   |   6.78 |
+---+------------+------------+-----------+--------+
| 5 |  3.296576  |   79.22623 |   63500   |   6.71 |
+---+------------+------------+-----------+--------+
| 5 |  3.448834  |   79.94073 |   64000   |   6.72 |
+---+------------+------------+-----------+--------+
| 5 |  3.879209  |   77.29662 |   64500   |   6.60 |
+---+------------+------------+-----------+--------+
| 5 |  3.196568  |   80.13838 |   65000   |   6.84 |
+---+------------+------------+-----------+--------+
| 5 |  3.651141  |   78.90117 |   65500   |   6.49 |
+---+------------+------------+-----------+--------+
| 5 |  3.488575  |   77.90371 |   66000   |   6.40 |
+---+------------+------------+-----------+--------+
| 5 |  4.517425  |   76.85780 |   66500   |   6.38 |
+---+------------+------------+-----------+--------+
| 5 |  3.932605  |   76.57709 |   67000   |   6.28 |
+---+------------+------------+-----------+--------+
| 5 |  4.031332  |   78.38240 |   67500   |   6.31 |
+---+------------+------------+-----------+--------+
| 5 |  3.079630  |   79.95256 |   68000   |   6.18 |
+---+------------+------------+-----------+--------+
| 5 |  3.142177  |   79.81496 |   68500   |   6.24 |
+---+------------+------------+-----------+--------+
| 5 |  3.557286  |   79.48223 |   69000   |   6.52 |
+---+------------+------------+-----------+--------+
| 5 |  2.880168  |   80.78379 |   69500   |   6.07 |
+---+------------+------------+-----------+--------+
| 5 |  3.808922  |   78.10759 |   70000   |   6.15 |
+---+------------+------------+-----------+--------+
| 5 |  3.548446  |   79.08689 |   70500   |   6.20 |
+---+------------+------------+-----------+--------+
| 5 |  3.184469  |   80.07464 |   71000   |   6.13 |
+---+------------+------------+-----------+--------+
| 5 |  3.387376  |   79.07907 |   71500   |   6.06 |
+---+------------+------------+-----------+--------+
| 5 |  3.056099  |   78.77587 |   72000   |   6.47 |
+---+------------+------------+-----------+--------+
| 5 |  4.768118  |   75.90972 |   72500   |   6.51 |
+---+------------+------------+-----------+--------+
| 5 |  3.015778  |   80.18648 |   73000   |   6.45 |
+---+------------+------------+-----------+--------+
| 5 |  4.115351  |   77.38204 |   73500   |   6.60 |
+---+------------+------------+-----------+--------+
| 5 |  3.405490  |   79.26372 |   74000   |   6.76 |
+---+------------+------------+-----------+--------+
| 5 |  3.145866  |   79.73231 |   74500   |   6.54 |
+---+------------+------------+-----------+--------+
| 5 |  2.995805  |   80.50895 |   74935   |   6.38 |
+---+------------+------------+-----------+--------+

Finished training in 1007.91s